Species	DIRS	LINE	LTR	PLE	SINE	unknown	Circular_dsDNA	DNA_Polymerase	Rolling_Circle	TIR	RNA	Low_complexity	Satellite	Simple_repeat	Unknown	Total_repeat_percentage	species_type
3_Chloropicon_primus	0.0	0.0	0.25	0.0	0.0	0.0	0.0	0.0	0.0	9.72	0.0	9.56	0.0	49.07	31.39	100	01_Alage
4_Edaphochlamys_debaryana	0.33	9.76	3.44	0.14	0.14	0.0	0.0	0.0	1.9	1.39	0.0	8.15	0.0	35.69	39.06	100	01_Alage
5_Bathycoccus_prasinos	0.0	0.0	1.52	0.98	0.0	0.0	0.0	6.5	0.0	6.4	0.0	10.84	0.0	50.02	23.74	100	01_Alage
6_Ostreococcus_tauri	0.0	0.22	0.0	0.0	0.0	0.0	0.0	0.0	2.15	3.3	0.0	1.55	0.65	57.14	34.99	100	01_Alage
7_Ostreococcus_sp._lucimarinus	3.64	0.27	5.46	0.2	0.0	0.0	4.29	0.0	2.78	16.97	0.0	0.51	0.0	27.74	38.14	100	01_Alage
8_Micromonas	0.0	0.0	0.73	0.0	0.0	0.0	0.0	0.0	0.15	0.0	0.0	1.02	0.0	13.46	84.65	100	01_Alage
9_Micromonas_commoda	0.0	0.0	0.2	0.0	0.0	0.0	0.0	0.4	0.0	3.12	0.0	4.37	0.0	58.09	33.81	100	01_Alage
10_Micromonas_pusilla	0.0	0.0	0.25	0.0	0.0	0.0	0.08	0.0	0.0	0.4	0.0	1.77	0.0	55.21	42.29	100	01_Alage
11_Bathycoccus	0.33	3.93	3.78	0.5	0.75	0.0	1.51	1.64	0.0	22.22	0.0	7.56	0.49	51.53	5.75	100	01_Alage
12_unclassified_Mamiellophyceae	0.0	0.0	0.0	0.0	0.0	0.0	0.0	0.0	0.0	0.0	0.0	4.41	0.0	39.36	56.23	100	01_Alage
13_Cymbomonas_tetramitiformis	3.8	5.74	8.01	0.25	0.21	0.0	0.14	0.1	0.13	3.53	0.0	0.29	0.06	3.14	74.59	100	01_Alage
14_Chlamydomonas	0.0	0.98	0.41	0.0	0.08	0.0	0.0	0.0	0.18	1.22	0.0	12.74	0.0	49.77	34.63	100	01_Alage
15_Chlamydomonas_applanata	0.11	16.78	7.31	0.0	0.0	0.0	0.13	0.0	0.0	0.89	0.0	4.33	0.0	38.59	31.85	100	01_Alage
16_Chlamydomonas_asymmetrica	0.02	12.51	3.39	0.34	0.0	0.0	0.0	0.0	0.3	4.81	0.0	1.06	0.06	19.94	57.58	100	01_Alage
17_Chlamydomonas_debaryana	0.2	10.8	4.9	0.0	0.2	0.0	0.0	0.0	1.93	1.38	0.0	8.14	0.0	35.62	36.83	100	01_Alage
18_Chlamydomonas_eustigma	0.0	9.36	20.95	0.0	0.0	0.0	0.0	0.18	2.31	0.12	0.0	1.03	0.0	11.93	54.12	100	01_Alage
19_Chlamydomonas_reinhardtii	0.04	21.61	1.98	0.15	0.57	0.0	0.0	0.31	1.72	12.73	0.07	2.93	1.38	27.64	28.87	100	01_Alage
20_Chlamydomonas_sphaeroides	0.57	11.52	4.09	0.33	0.02	0.0	0.0	0.0	0.05	0.46	0.0	5.22	0.0	37.53	40.22	100	01_Alage
21_Chloromonas	0.12	6.26	1.61	0.0	0.02	0.0	0.35	1.43	0.0	3.36	0.16	0.86	0.61	12.7	72.51	100	01_Alage
22_Eudorina	0.73	18.8	5.97	0.71	2.63	0.0	0.0	0.07	3.88	15.48	5.27	1.13	0.63	14.09	30.62	100	01_Alage
23_Gonium_pectorale	0.95	9.72	5.04	0.22	0.27	0.0	0.0	0.0	0.42	2.67	0.0	4.05	0.0	25.39	51.28	100	01_Alage
24_Volvox_carteri	3.62	16.44	14.37	0.1	1.1	0.0	0.22	0.37	2.82	8.91	0.74	1.43	0.75	17.03	32.1	100	01_Alage
25_Yamagishiella_unicocca	0.73	16.02	9.19	0.1	0.79	0.0	0.0	0.0	0.35	7.5	2.52	1.23	0.4	10.7	50.46	100	01_Alage
26_Haematococcus	0.0	19.11	4.08	2.17	0.16	0.0	2.57	0.0	0.0	2.14	0.0	4.19	0.11	37.16	28.32	100	01_Alage
27_Haematococcus_lacustris	0.12	14.26	10.38	0.08	0.05	0.0	0.48	0.1	0.94	4.31	0.0	1.49	0.08	13.29	54.42	100	01_Alage
29_Characiochloris	0.13	5.69	1.29	0.18	0.01	0.0	0.0	0.58	0.0	2.92	0.45	0.84	0.11	12.63	75.19	100	01_Alage
30_Dunaliella	0.0	8.3	2.2	0.0	0.0	0.0	0.0	0.0	0.0	28.69	0.0	1.6	0.0	34.76	24.45	100	01_Alage
31_Dunaliella_salina	0.06	36.56	4.12	0.16	0.01	0.0	0.0	0.0	0.11	3.01	0.05	0.19	0.1	6.47	49.15	100	01_Alage
32_Tetrabaena_socialis	0.0	8.55	1.83	0.07	0.0	0.0	0.0	0.0	0.75	6.14	0.0	2.88	0.18	23.4	56.19	100	01_Alage
33_Mychonastes_homosphaera	0.0	0.0	5.08	0.0	0.0	0.0	0.0	0.0	0.0	0.62	0.0	6.21	0.0	86.03	2.06	100	01_Alage
34_Messastrum_gracile	0.0	1.53	1.19	0.0	0.0	0.0	0.0	0.0	0.0	3.47	0.0	10.1	0.18	72.44	11.1	100	01_Alage
35_Monoraphidium	0.0	53.0	13.35	0.03	0.2	0.0	0.26	0.23	0.0	1.35	0.0	0.2	0.0	9.03	22.35	100	01_Alage
36_Monoraphidium_neglectum	0.0	10.08	0.06	0.0	0.0	0.0	0.0	0.0	0.0	20.54	0.0	2.85	0.0	56.92	9.55	100	01_Alage
37_Raphidocelis_subcapitata	0.03	1.76	0.52	0.0	0.0	0.0	0.0	0.0	0.0	0.4	0.0	7.25	0.0	75.48	14.56	100	01_Alage
38_Desmodesmus_armatus	0.55	33.37	5.71	0.27	1.27	0.0	0.34	0.43	0.01	5.69	0.74	1.4	0.15	16.76	33.3	100	01_Alage
39_Scenedesmus	0.08	50.94	9.81	0.0	0.01	0.0	0.07	0.0	0.03	1.64	0.0	0.23	0.02	30.02	7.13	100	01_Alage
40_Scenedesmus_quadricauda	0.0	4.3	0.21	0.0	0.22	0.0	0.0	0.0	0.0	10.09	0.19	2.36	0.0	68.99	13.65	100	01_Alage
41_Scenedesmus_vacuolatus	0.0	59.95	12.32	0.0	0.0	0.0	0.0	0.0	0.0	0.0	0.0	0.35	0.0	20.45	6.93	100	01_Alage
42_Coelastrella	0.0	44.02	5.2	0.0	0.09	0.0	0.0	0.0	0.0	1.7	0.0	0.26	0.0	15.23	33.49	100	01_Alage
43_Tetradesmus_obliquus	0.18	52.6	2.82	0.0	0.0	0.0	0.04	0.01	0.35	2.08	0.0	0.21	0.0	33.0	8.71	100	01_Alage
44_Tetraselmis_striata	9.88	13.51	10.53	0.01	0.05	0.0	0.06	0.13	0.99	6.56	0.02	0.36	0.11	3.72	54.06	100	01_Alage
45_Picocystis	0.2	2.7	49.83	0.0	0.18	0.0	0.99	0.06	0.0	17.05	1.93	0.55	0.0	1.92	24.59	100	01_Alage
46_Ulva_mutabilis	0.19	18.98	40.49	0.37	0.01	0.0	0.0	0.0	0.24	0.6	0.0	0.1	0.0	3.29	35.74	100	01_Alage
47_Ulva_prolifera	0.31	7.03	21.76	0.12	0.61	0.0	0.0	0.0	0.68	4.73	0.96	0.22	0.24	4.97	58.37	100	01_Alage
48_Parachlorella_kessleri	0.0	9.64	1.62	0.0	0.0	0.0	0.11	0.0	0.89	0.34	0.0	2.79	0.0	34.84	49.77	100	01_Alage
49_Helicosporidium	0.0	0.0	0.0	0.0	0.0	0.0	0.0	0.0	0.0	0.0	0.0	6.01	0.49	31.12	62.38	100	01_Alage
51_Auxenochlorella_pyrenoidosa	0.0	1.85	0.47	0.0	0.0	0.0	0.0	0.0	0.0	0.7	0.0	8.91	0.0	76.38	11.69	100	01_Alage
52_Auxenochlorella_protothecoides	0.0	1.64	0.0	0.0	0.0	0.0	0.0	0.0	0.0	5.87	0.23	7.73	0.0	42.04	42.48	100	01_Alage
53_Micractinium_conductrix	0.29	19.21	7.25	0.0	0.39	0.0	0.0	0.0	1.09	9.55	0.0	3.44	0.0	36.88	21.9	100	01_Alage
54_Chlorella_sorokiniana	0.0	10.15	19.73	0.0	0.46	0.0	0.0	0.0	0.0	3.37	0.0	2.02	0.0	42.56	21.73	100	01_Alage
55_Chlorella_variabilis	0.0	8.91	3.92	0.0	0.0	0.0	0.0	0.0	0.31	3.61	0.0	4.63	0.0	56.75	21.87	100	01_Alage
56_Chlorella_vulgaris	0.0	8.57	1.08	0.0	0.0	0.0	0.0	0.0	0.0	1.47	0.0	4.59	0.0	68.39	15.89	100	01_Alage
57_Prototheca_bovis	0.0	0.0	0.0	0.0	0.0	0.0	0.0	0.0	0.0	4.56	0.0	14.16	2.12	58.04	21.12	100	01_Alage
58_Prototheca_ciferrii	0.0	0.0	0.0	0.0	2.73	0.0	0.0	0.0	0.0	2.48	0.0	11.99	0.0	58.51	24.29	100	01_Alage
59_Prototheca_cutis	0.0	8.05	0.13	0.0	0.0	0.0	0.0	0.0	0.0	1.71	0.0	1.92	0.0	29.97	58.22	100	01_Alage
60_Prototheca_stagnorum	0.0	0.0	0.0	0.0	0.0	0.0	0.24	0.0	0.0	0.0	0.0	11.24	0.0	54.3	34.22	100	01_Alage
61_Prototheca_wickerhamii	0.0	0.26	22.17	0.0	0.32	0.0	0.0	0.0	0.0	0.0	0.0	3.32	0.0	38.61	35.32	100	01_Alage
62_Prototheca_zopfii	0.0	0.0	1.44	0.0	0.16	0.0	0.11	0.0	0.0	2.51	0.0	13.76	0.22	56.11	25.69	100	01_Alage
63_Chloroidium	0.0	2.37	0.0	0.0	0.0	0.0	0.0	0.0	0.0	0.0	0.0	8.07	0.0	54.24	35.32	100	01_Alage
64_Chlorella	0.0	2.12	0.06	0.0	0.0	0.0	0.0	0.0	0.0	1.36	0.0	10.73	0.0	74.62	11.11	100	01_Alage
65_Picochlorum	0.0	6.64	0.0	0.0	0.0	0.0	0.0	0.0	0.0	1.73	0.0	6.79	0.0	37.8	47.05	100	01_Alage
66_Botryococcus_braunii	0.51	6.59	36.86	0.2	0.0	0.0	0.06	0.0	0.3	19.61	0.15	1.29	1.01	17.68	15.74	100	01_Alage
67_Coccomyxa	0.0	13.96	4.65	0.0	0.0	0.0	0.0	0.0	0.0	0.79	0.0	1.51	0.0	22.57	56.53	100	01_Alage
68_Coccomyxa_subellipsoidea_C-169	0.0	27.39	0.99	0.0	0.0	0.0	0.0	0.0	0.0	13.13	1.34	0.68	0.0	12.36	44.11	100	01_Alage
69_unclassified_Trebouxiophyceae	2.68	8.8	3.73	0.0	0.0	0.0	0.05	0.0	0.0	2.31	0.0	3.48	0.06	40.89	38.01	100	01_Alage
70_Trebouxia	0.0	17.16	11.05	0.0	0.0	0.0	0.0	0.0	0.93	0.38	0.06	0.86	0.0	15.35	54.21	100	01_Alage
71_Trebouxia_gelatinosa	1.13	13.49	10.23	0.0	0.0	0.0	0.0	0.0	1.57	6.95	0.0	0.64	0.0	20.13	45.86	100	01_Alage
72_Chlorokybus_atmophyticus	1.46	5.49	41.49	0.0	0.11	0.0	0.3	0.0	0.0	20.88	0.0	0.38	0.21	7.15	22.53	100	01_Alage
73_Mesostigma_viride	0.73	14.61	1.42	0.31	0.0	0.0	0.0	0.05	0.03	1.74	0.0	0.7	0.0	8.93	71.47	100	01_Alage
74_Klebsormidium_nitens	1.6	3.15	13.67	0.0	0.0	0.0	0.0	0.0	0.0	6.79	0.75	1.28	0.0	8.05	64.71	100	01_Alage
75_Chara_braunii	0.35	8.54	25.92	0.34	0.36	0.0	0.31	0.09	0.65	8.73	1.72	0.6	0.75	4.04	47.6	100	01_Alage
76_Mesotaenium_endlicherianum	1.1	1.12	49.2	0.03	0.0	0.0	0.0	0.08	0.02	8.81	0.0	1.52	0.04	7.81	30.27	100	01_Alage
78_Physcomitrella_patens	0.0	3.22	85.04	0.0	0.0	0.0	0.0	0.0	0.83	1.07	0.09	0.45	0.02	2.48	6.8	100	02_Bryophyte
79_Pleurozium_schreberi	0.08	1.13	3.73	0.06	0.03	0.0	0.0	0.08	0.25	8.57	0.08	0.21	0.16	1.05	84.55	100	02_Bryophyte
80_Marchantia_inflexa	0.0	1.6	32.73	0.09	0.06	0.0	0.0	0.11	1.85	7.17	0.0	0.31	0.03	1.31	54.76	100	02_Bryophyte
81_Marchantia_polymorpha	0.08	6.03	34.29	0.07	0.11	0.0	0.18	0.0	1.38	7.85	0.08	0.71	0.0	3.5	45.72	100	02_Bryophyte
82_Selaginella_kraussiana	0.03	13.57	17.27	0.36	0.64	0.0	0.0	0.09	1.25	7.47	0.29	0.58	0.0	2.93	55.51	100	03_Lycophytes
83_Selaginella_moellendorffii	0.0	1.79	56.92	0.21	0.59	0.0	0.06	0.09	2.42	13.69	0.81	0.23	0.11	1.49	21.57	100	03_Lycophytes
84_Selaginella_tamariscina	0.04	3.38	39.16	0.53	0.83	0.0	0.04	0.16	0.25	21.83	0.23	0.33	0.01	3.41	29.82	100	03_Lycophytes
85_Adiantum_capillus_veneris	0.0	6.24	52.87	0.61	0.03	0.0	0.0	0.02	0.38	7.14	0.0	0.09	0.04	1.42	31.16	100	04_Fern
86_Azolla_filliculoides	0.0	9.02	59.9	0.15	1.42	0.0	0.0	0.04	0.39	5.61	0.81	0.15	0.23	1.78	20.48	100	04_Fern
87_Salvinia_cucullata	0.0	7.31	39.89	0.0	2.61	0.0	0.0	0.03	0.51	4.83	3.47	0.2	0.75	1.58	38.82	100	04_Fern
89_Gnetum_montanum	0.0	3.59	63.02	0.05	0.13	0.0	0.0	0.13	0.17	1.22	0.07	0.08	0.46	0.25	30.82	100	05_Gymnosperms
95_Sequoiadendron_giganteum	0.0	4.99	57.4	0.25	0.01	0.03	0.26	0.01	0.22	8.88	0.05	0.17	0.34	0.71	26.67	100	05_Gymnosperms
97_Amborella_trichopoda	0.0	7.92	54.09	0.0	0.11	0.0	0.0	0.03	0.16	29.15	0.06	0.47	0.0	2.42	5.58	100	06_ANA
98_Nymphaea_colorata	0.25	4.27	40.3	0.74	0.02	0.0	0.07	0.03	1.85	22.12	1.84	0.6	0.03	3.31	24.56	100	06_ANA
99_Cinnamomum_micranthum	0.03	5.96	33.96	0.0	0.41	0.0	0.04	0.01	0.88	10.74	0.06	0.53	0.22	2.49	44.68	100	07_Magnoliids
100_Persea_americana	0.0	5.57	37.6	0.07	0.12	0.0	0.09	0.07	0.48	10.12	0.0	0.44	0.47	1.82	43.15	100	07_Magnoliids
101_Liriodendron_chinense	0.01	2.61	52.22	0.0	0.01	0.0	0.0	0.16	0.12	10.98	0.07	0.14	0.0	1.01	32.67	100	07_Magnoliids
102_Magnolia_ashei	0.03	7.16	21.84	0.0	0.03	0.17	0.0	0.03	0.19	16.83	0.02	0.25	0.11	1.16	52.18	100	07_Magnoliids
103_Spirodela_polyrhiza	0.04	1.9	43.57	0.22	0.0	0.0	0.0	0.0	0.47	6.46	0.0	1.68	0.73	9.24	35.7	100	08_Monocots
104_Zostera_marina	0.0	7.74	39.79	0.05	0.04	0.0	0.0	0.0	0.18	11.11	0.04	0.29	0.15	1.18	39.44	100	08_Monocots
105_Dioscorea_alata	0.03	3.44	50.49	0.01	0.01	0.0	0.02	0.0	0.55	9.62	0.18	0.59	0.13	6.08	28.85	100	08_Monocots
106_Dioscorea_rotundata	0.07	4.83	50.55	0.11	0.06	0.0	0.07	0.0	0.49	14.12	0.02	0.63	0.05	3.23	25.79	100	08_Monocots
107_Trichopus_zeylanicus	0.15	0.77	32.09	0.0	0.57	0.0	0.0	0.53	0.81	28.89	0.31	0.29	0.08	7.35	28.15	100	08_Monocots
108_Xerophyta_viscosa	0.0	3.5	21.29	0.01	0.38	0.0	0.06	0.31	0.77	21.36	0.06	0.62	0.54	4.45	46.65	100	08_Monocots
109_Asparagus_officinalis	0.0	2.03	61.63	0.01	0.0	0.0	0.09	0.02	0.85	5.76	0.0	0.14	0.0	1.0	28.46	100	08_Monocots
110_Apostasia_shenzhenica	0.04	8.33	22.1	0.0	0.06	0.0	0.0	0.09	0.17	13.01	0.17	0.68	0.32	2.69	52.33	100	08_Monocots
111_Gastrodia_elata	0.0	5.32	48.0	0.0	0.01	0.0	0.0	0.0	0.64	9.45	0.04	0.14	0.02	0.85	35.54	100	08_Monocots
112_Dendrobium_catenatum	0.0	8.67	35.95	0.02	0.23	0.0	0.0	0.01	0.17	6.56	0.0	0.31	0.25	1.29	46.54	100	08_Monocots
113_Phalaenopsis_aphrodite	0.09	5.78	50.98	0.0	0.0	0.0	0.0	0.0	0.12	6.09	0.0	0.26	2.1	1.18	33.4	100	08_Monocots
114_Phalaenopsis_equestris	0.06	5.71	50.42	0.0	0.0	0.0	0.0	0.0	0.05	6.81	0.0	0.28	0.46	1.19	35.01	100	08_Monocots
116_Vanilla_planifolia	0.0	8.67	35.18	0.06	0.04	0.0	0.0	0.0	0.03	2.71	0.28	1.44	0.0	3.31	48.29	100	08_Monocots
117_Cocos_nucifera	0.0	0.82	64.53	0.0	0.03	0.0	0.03	0.05	0.08	8.05	0.0	0.18	0.55	0.9	24.79	100	08_Monocots
118_Elaeis_guineensis	0.1	1.68	57.56	0.0	0.05	0.0	0.06	0.0	0.18	9.26	0.0	0.28	0.6	1.11	29.13	100	08_Monocots
119_Elaeis_oleifera	0.0	2.03	64.62	0.0	0.09	0.0	0.04	0.07	0.27	8.56	0.0	0.27	0.96	1.03	22.04	100	08_Monocots
120_Calamus_simplicifolius	0.04	6.15	58.06	0.17	0.03	0.0	0.03	0.0	0.56	11.46	0.09	0.2	0.52	0.97	21.71	100	08_Monocots
122_Ananas_comosus	0.54	1.53	29.82	0.01	0.0	0.0	0.0	0.09	0.36	17.34	0.06	0.65	0.1	2.96	46.54	100	08_Monocots
123_Raddia_distichophylla	0.0	4.87	39.31	0.01	0.21	0.79	0.0	0.05	1.74	19.85	0.03	0.29	0.15	1.8	30.9	100	08_Monocots
124_Leersia_perrieri	0.0	6.37	37.53	0.0	0.81	1.47	0.0	0.0	4.02	37.53	0.01	0.48	0.08	3.27	8.42	100	08_Monocots
125_Oryza_barthii	0.0	3.88	31.7	0.0	0.84	0.96	0.0	0.0	11.74	42.63	0.01	0.41	0.15	2.79	4.89	100	08_Monocots
126_Oryza_brachyantha	0.0	1.36	24.93	0.0	0.44	0.29	0.0	0.0	11.34	51.61	0.0	0.47	0.04	3.29	6.24	100	08_Monocots
127_Oryza_glaberrima	0.0	3.47	35.93	0.0	0.55	0.94	0.0	0.0	10.09	39.59	0.24	0.4	0.08	2.96	5.76	100	08_Monocots
128_Oryza_glumipatula	0.0	3.78	31.94	0.0	0.53	1.01	0.02	0.0	12.07	42.75	0.0	0.47	0.09	3.49	3.83	100	08_Monocots
129_Oryza_longistaminata	0.0	3.82	37.07	0.0	1.02	0.72	0.0	0.0	10.66	39.42	0.05	0.44	0.08	3.3	3.41	100	08_Monocots
130_Oryza_meridionalis	0.0	4.34	28.14	0.0	0.82	1.25	0.02	0.0	10.97	45.04	0.0	0.5	0.06	3.72	5.13	100	08_Monocots
131_Oryza_meyeriana_var._granulata	0.0	0.7	75.78	0.0	0.05	0.04	0.0	0.0	1.76	13.74	0.1	0.13	0.03	0.71	6.95	100	08_Monocots
132_Oryza_punctata	0.0	1.97	55.62	0.0	0.4	0.73	0.0	0.0	5.09	30.43	0.0	0.27	0.02	1.78	3.7	100	08_Monocots
133_Oryza_rufipogon	0.0	3.34	36.22	0.0	0.45	0.89	0.0	0.0	9.9	41.24	0.0	0.41	0.7	3.22	3.63	100	08_Monocots
134_Oryza_sativa	0.0	2.54	40.22	0.0	0.4	0.84	0.0	0.0	7.75	36.36	0.06	0.32	0.69	3.02	7.79	100	08_Monocots
135_Oryza_sativa_f._spontanea	0.08	4.08	31.77	0.0	0.65	0.81	0.0	0.0	11.83	43.71	0.01	0.45	0.09	3.48	3.06	100	08_Monocots
136_Zizania_latifolia	0.0	2.19	55.12	0.0	0.07	0.1	0.0	0.0	0.86	22.46	0.0	0.3	0.05	1.83	17.02	100	08_Monocots
137_Brachypodium_distachyon	0.12	6.85	47.11	0.07	0.3	0.76	0.02	0.0	1.41	20.94	0.35	0.3	0.15	1.88	19.74	100	08_Monocots
138_Dactylis_glomerata	0.0	5.77	52.56	0.0	0.08	1.05	0.0	0.0	0.36	12.29	0.0	0.12	0.06	0.71	26.99	100	08_Monocots
139_Lolium_perenne	0.0	19.66	24.47	0.0	0.39	3.14	0.0	0.0	0.65	12.62	0.0	0.4	0.09	1.94	36.64	100	08_Monocots
141_Hordeum_pubiflorum	0.0	4.13	60.98	0.0	0.18	0.7	0.0	0.01	0.64	11.0	0.0	0.12	0.01	0.8	21.45	100	08_Monocots
142_Hordeum_vulgare	0.0	1.31	84.98	0.0	0.03	0.11	0.0	0.0	0.12	7.43	0.02	0.08	0.68	0.36	4.88	100	08_Monocots
144_Aegilops_tauschii	0.0	2.0	67.88	0.0	0.01	0.09	0.0	0.07	1.51	19.35	0.23	0.07	0.14	0.37	8.27	100	08_Monocots
145_Triticum_aestivum	0.02	1.71	72.04	0.0	0.0	0.1	0.0	0.03	0.85	15.06	0.01	0.06	0.22	0.3	9.6	100	08_Monocots
146_Triticum_dicoccoides	0.0	1.68	73.02	0.0	0.09	0.16	0.0	0.0	0.71	14.07	0.0	0.05	0.27	0.31	9.64	100	08_Monocots
147_Triticum_urartu	0.0	1.48	74.07	0.04	0.01	0.13	0.0	0.06	0.55	11.51	0.0	0.06	0.09	0.3	11.69	100	08_Monocots
148_Eleusine_coracana	0.0	2.86	71.48	0.0	0.19	0.08	0.0	0.0	0.44	10.28	0.04	0.15	0.04	1.2	13.23	100	08_Monocots
149_Eleusine_indica	0.05	4.02	63.25	0.0	0.28	0.13	0.0	0.0	0.59	12.63	0.0	0.18	0.09	1.1	17.68	100	08_Monocots
150_Oropetium_thomaeum	0.01	3.56	51.87	0.0	0.38	0.0	0.0	0.0	2.6	14.25	0.21	0.24	0.0	2.06	24.81	100	08_Monocots
151_Eragrostis_curvula	0.0	5.62	52.18	0.24	0.78	0.27	0.0	0.0	1.62	21.46	0.01	0.24	0.0	1.98	15.62	100	08_Monocots
152_Eragrostis_tef	0.0	10.04	26.66	0.0	2.15	0.95	0.0	0.0	1.76	27.23	0.02	0.6	0.0	4.84	25.75	100	08_Monocots
153_Sporobolus_alterniflorus	0.0	7.67	59.0	0.0	0.4	0.3	0.0	0.0	1.19	12.23	0.0	0.13	0.31	0.79	18.0	100	08_Monocots
154_Zoysia_japonica	0.0	3.05	48.47	0.0	0.47	0.03	0.0	0.0	1.48	21.52	0.0	0.23	1.51	1.94	21.3	100	08_Monocots
155_Zoysia_matrella	0.0	3.1	56.09	0.0	0.43	0.15	0.0	0.03	2.63	21.38	0.0	0.21	1.57	1.57	12.84	100	08_Monocots
156_Zoysia_pacifica	0.0	3.44	51.74	0.0	0.45	0.06	0.03	0.0	1.08	20.19	0.0	0.21	1.81	1.57	19.43	100	08_Monocots
157_Coix_aquatica	0.0	0.56	83.8	0.0	0.04	0.01	0.0	0.0	0.29	7.99	0.05	0.07	0.0	0.48	6.71	100	08_Monocots
158_Miscanthus_sacchariflorus	0.0	2.36	64.22	0.0	0.25	0.21	0.0	0.0	1.21	14.62	0.0	0.12	0.35	0.78	15.88	100	08_Monocots
159_Saccharum_hybrid_cultivar	0.55	3.85	62.47	0.0	0.37	0.14	0.0	0.0	1.02	18.84	0.07	0.18	0.3	1.29	10.92	100	08_Monocots
160_Saccharum_spontaneum	0.0	3.33	66.52	0.0	0.29	0.26	0.0	0.05	1.22	15.5	0.0	0.15	2.1	1.06	9.53	100	08_Monocots
161_Sorghum_bicolor	0.01	1.55	70.9	0.0	0.09	0.02	0.0	0.0	0.78	13.76	0.12	0.11	3.64	1.02	8.01	100	08_Monocots
162_Zea_mays	0.0	0.85	84.15	0.0	0.08	0.01	0.0	0.0	0.68	5.62	0.0	0.05	0.06	0.36	8.14	100	08_Monocots
163_Alloteropsis_semialata	0.0	3.13	64.68	0.0	0.28	0.13	0.0	0.01	1.49	17.44	0.06	0.14	0.32	0.96	11.34	100	08_Monocots
164_Echinochloa_crus-galli	0.0	4.89	54.08	0.0	0.51	0.81	0.0	0.02	1.29	20.74	0.09	0.26	1.4	2.31	13.59	100	08_Monocots
165_Cenchrus_americanus	0.0	1.99	79.82	0.0	0.17	0.08	0.0	0.0	0.29	7.07	0.0	0.06	0.01	0.43	10.07	100	08_Monocots
166_Setaria_italica	0.0	3.16	54.3	0.0	0.27	0.56	0.0	0.0	1.55	21.53	0.0	0.23	0.22	1.64	16.54	100	08_Monocots
167_Setaria_viridis	0.0	3.05	58.66	0.07	0.1	0.51	0.0	0.0	1.51	21.4	0.0	0.24	0.73	1.64	12.07	100	08_Monocots
168_Dichanthelium_oligosanthes	0.0	1.23	60.29	0.0	0.12	0.02	0.01	0.0	0.61	14.1	0.0	0.15	0.01	1.33	22.14	100	08_Monocots
169_Urochloa_ruziziensis	0.0	3.47	63.87	0.0	0.43	0.62	0.0	0.0	0.93	18.25	0.0	0.19	0.07	1.1	11.07	100	08_Monocots
170_Panicum_miliaceum	0.0	1.95	66.67	0.0	0.21	0.19	0.0	0.0	0.63	9.26	0.01	0.18	4.0	1.28	15.61	100	08_Monocots
171_Panicum_hallii	0.0	0.8	76.62	0.0	0.12	0.17	0.0	0.0	0.21	7.96	0.07	0.12	1.35	0.9	11.67	100	08_Monocots
172_Eichhornia_paniculata	0.04	4.48	36.62	0.0	0.02	0.0	0.0	0.01	0.25	7.05	0.04	0.4	0.04	2.58	48.46	100	08_Monocots
174_Musa_acuminata	0.0	2.27	64.9	0.0	0.13	0.0	0.0	0.1	0.05	4.68	0.0	0.36	0.05	2.06	25.38	100	08_Monocots
175_Musa_balbisiana	0.0	1.81	67.63	0.32	0.36	0.0	0.03	0.0	0.42	6.04	2.22	0.29	0.03	4.42	16.43	100	08_Monocots
176_Musa_itinerans	0.0	2.38	65.14	0.01	0.19	0.0	0.0	0.0	0.17	5.21	0.08	0.46	0.06	2.49	23.79	100	08_Monocots
177_Musa_schizocarpa	0.09	2.82	74.13	0.01	0.12	0.0	0.0	0.0	0.02	4.95	1.64	0.23	0.48	1.76	13.76	100	08_Monocots
178_Berberis_thunbergii	0.01	6.83	43.07	0.0	0.51	0.0	0.08	0.0	0.9	13.72	0.12	0.3	0.0	1.23	33.23	100	09_Base_eudicots
179_Eschscholzia_californica	0.21	7.37	34.62	0.11	0.88	0.0	0.02	0.27	0.97	8.89	0.04	0.47	0.25	1.8	44.11	100	09_Base_eudicots
180_Macleaya_cordata	0.0	3.97	34.17	0.0	0.15	0.0	0.16	0.12	0.87	12.38	0.0	0.62	0.32	2.31	44.94	100	09_Base_eudicots
181_Papaver_somniferum	0.0	6.11	53.9	0.0	0.06	0.0	0.03	0.07	0.24	7.09	0.0	0.12	0.12	1.6	30.66	100	09_Base_eudicots
182_Aquilegia_coerulea	0.0	6.65	38.59	0.0	0.5	0.0	0.02	0.02	1.48	10.09	0.17	0.4	0.15	2.0	39.93	100	09_Base_eudicots
183_Nelumbo_nucifera	0.0	11.94	41.95	0.0	0.29	0.0	0.05	0.01	0.18	14.53	0.0	0.36	0.04	1.52	29.12	100	09_Base_eudicots
184_Macadamia_integrifolia	0.0	9.83	48.46	0.03	0.61	0.0	0.02	0.22	0.31	6.96	0.45	0.73	0.14	2.08	30.18	100	09_Base_eudicots
185_Kalanchoe_fedtschenkoi	0.0	4.37	20.74	0.0	0.02	0.0	0.0	0.0	0.81	19.31	0.12	0.41	0.43	1.51	52.28	100	10_Super_rosids
186_Sedum_album	0.03	3.65	39.22	0.15	0.2	0.0	0.06	0.03	0.74	10.93	0.38	0.26	0.21	1.17	42.97	100	10_Super_rosids
188_Cissus_quadrangularis	0.0	7.95	40.5	0.0	0.03	0.0	0.0	0.0	0.61	4.71	0.01	1.19	0.14	3.69	41.17	100	10_Super_rosids
189_Vitis_aestivalis	0.0	7.2	17.89	0.0	0.0	0.0	0.0	0.0	0.48	1.9	0.04	0.96	0.0	3.04	68.49	100	10_Super_rosids
190_Vitis_cinerea_x_Vitis_riparia	0.0	11.35	46.76	0.0	0.17	0.0	0.0	0.0	0.92	18.28	0.03	1.09	0.04	3.47	17.89	100	10_Super_rosids
191_Vitis_riparia	0.01	9.22	55.08	0.01	0.03	0.0	0.0	0.03	0.78	17.26	0.0	0.73	0.0	2.63	14.21	100	10_Super_rosids
193_Vitis_vinifera	0.03	8.98	51.07	0.0	0.04	0.0	0.0	0.0	0.69	17.06	0.02	0.72	1.05	3.02	17.33	100	10_Super_rosids
194_Vitis_x_labruscana_x_Vitis_vinifera	0.03	9.64	57.97	0.0	0.02	0.0	0.0	0.0	0.91	15.22	0.09	0.67	0.44	2.43	12.57	100	10_Super_rosids
195_Aristotelia_chilensis	0.0	9.67	11.03	0.0	0.0	0.18	0.0	0.0	0.5	7.95	0.0	4.21	0.0	15.54	50.91	100	11_Fabids
196_Cephalotus_follicularis	0.0	2.14	58.55	0.28	0.02	0.0	0.18	1.15	0.01	5.01	0.0	0.08	0.06	0.41	32.12	100	11_Fabids
197_Populus_simonii	0.0	2.43	41.55	0.0	1.3	0.0	0.0	0.0	16.11	14.59	0.41	0.63	0.39	2.56	20.03	100	11_Fabids
198_Salix_brachista	0.01	1.25	42.51	0.0	5.25	0.0	0.05	0.0	13.5	12.55	0.09	0.63	0.0	3.3	20.86	100	11_Fabids
199_Caryocar_brasiliense	0.0	3.71	50.23	0.07	0.0	0.0	0.18	0.0	0.07	5.09	0.02	1.21	0.04	3.74	35.63	100	11_Fabids
200_Ricinus_communis	0.13	0.39	49.69	0.03	0.14	0.0	0.0	0.0	0.28	6.46	0.73	0.59	17.58	2.23	21.77	100	11_Fabids
201_Jatropha_curcas	0.0	4.9	47.58	0.01	0.06	0.0	0.0	0.0	1.04	12.75	0.05	0.85	0.0	3.42	29.36	100	11_Fabids
202_Manihot_esculenta	0.6	1.71	61.4	0.01	0.01	0.0	0.0	0.0	0.09	6.5	0.0	0.54	0.0	1.71	27.44	100	11_Fabids
203_Hevea_brasiliensis	0.03	0.89	81.74	0.0	0.01	0.0	0.0	0.0	0.02	1.59	0.01	0.22	0.0	1.06	14.43	100	11_Fabids
205_Linum_usitatissimum	0.0	9.71	41.19	0.03	0.05	0.0	0.07	0.01	0.68	14.64	0.06	0.52	0.19	2.19	30.66	100	11_Fabids
206_Passiflora_edulis	0.0	10.48	26.15	0.0	0.14	0.0	0.0	0.0	0.28	3.72	0.02	0.66	0.0	2.34	56.21	100	11_Fabids
207_Rhizophora_apiculata	0.43	2.62	48.73	0.0	0.72	0.0	0.0	0.0	1.03	3.69	0.39	1.46	1.59	9.95	29.39	100	11_Fabids
208_Populus_alba	0.0	2.61	46.92	0.05	1.29	0.0	0.02	0.0	13.85	13.14	0.16	0.74	0.06	3.15	18.01	100	11_Fabids
209_Populus_euphratica	0.06	1.2	59.49	0.0	0.93	0.0	0.0	0.1	10.09	10.77	0.37	0.66	0.04	2.7	13.61	100	11_Fabids
210_Populus_trichocarpa	0.0	2.13	40.78	0.0	1.31	0.0	0.04	0.0	18.02	15.18	0.06	0.63	1.49	2.46	17.9	100	11_Fabids
212_Glycine_tomentella	0.0	2.91	57.74	0.0	0.42	0.0	0.88	0.01	0.28	12.73	0.0	0.68	0.0	2.6	21.74	100	11_Fabids
213_Carpinus_fangiana	0.0	9.27	34.3	0.02	0.25	0.0	0.0	0.05	0.7	11.09	0.03	0.77	0.1	3.19	40.23	100	11_Fabids
214_Chamaecrista_fasciculata	0.0	4.96	38.52	0.04	0.47	0.0	0.0	0.0	1.04	12.56	0.04	0.53	0.01	2.59	39.26	100	11_Fabids
215_Vachellia_collinsii	0.0	5.1	26.54	0.0	0.18	0.0	0.04	0.07	1.51	22.74	0.01	0.53	0.31	2.34	40.65	100	11_Fabids
216_Mimosa_pudica	0.0	4.05	22.77	0.0	1.1	0.0	0.0	0.0	1.03	8.6	0.01	0.52	0.14	2.17	59.6	100	11_Fabids
217_Prosopis_alba	0.01	2.14	39.79	0.0	0.08	0.0	0.0	0.0	1.02	11.05	0.13	0.44	0.02	1.81	43.52	100	11_Fabids
218_Cercis_canadensis	0.04	3.36	42.99	0.08	0.09	0.0	0.0	0.0	1.95	9.94	0.09	0.71	0.28	2.62	37.84	100	11_Fabids
219_Nissolia_schottii	0.0	4.03	28.97	0.0	0.13	0.0	0.32	0.1	0.47	11.33	0.07	0.49	1.07	2.27	50.74	100	11_Fabids
220_Arachis_duranensis	0.0	1.98	74.51	0.0	0.29	0.0	0.0	0.01	0.38	6.36	0.0	0.61	0.07	1.41	14.37	100	11_Fabids
221_Arachis_hypogaea	0.0	1.7	78.04	0.05	0.23	0.0	0.01	0.02	0.41	5.37	0.01	0.47	0.0	1.49	12.2	100	11_Fabids
222_Arachis_ipaensis	0.0	1.81	76.65	0.0	0.2	0.0	0.0	0.0	0.25	5.44	0.0	0.45	0.0	1.12	14.09	100	11_Fabids
223_Arachis_monticola	0.0	2.11	78.04	0.02	0.18	0.0	0.0	0.25	0.33	5.69	0.02	0.48	0.0	1.63	11.24	100	11_Fabids
224_Lupinus_angustifolius	0.0	4.02	46.23	0.0	0.44	0.0	0.0	0.0	0.5	9.91	0.11	0.29	0.08	3.66	34.77	100	11_Fabids
225_Cicer_arietinum	0.0	1.88	46.05	0.0	0.02	0.0	0.05	0.03	0.22	13.7	0.07	0.53	4.64	2.36	30.45	100	11_Fabids
226_Cicer_echinospermum	0.0	2.47	54.54	0.01	0.03	0.0	0.05	0.1	0.6	15.8	0.03	0.44	4.48	2.09	19.36	100	11_Fabids
227_Cicer_reticulatum	0.0	6.42	40.58	0.0	0.06	0.0	0.0	0.0	0.24	15.25	0.01	0.63	2.12	2.65	32.03	100	11_Fabids
229_Vicia_faba	0.29	5.97	20.67	0.04	0.32	0.0	0.19	0.17	2.03	13.65	0.04	0.99	0.04	3.66	51.93	100	11_Fabids
230_Medicago_truncatula	0.22	10.31	34.25	0.0	1.11	0.0	0.0	0.08	3.16	23.51	0.11	0.66	0.15	2.61	23.85	100	11_Fabids
233_Trifolium_subterraneum	0.02	6.35	37.63	0.03	0.71	0.0	0.0	0.02	2.89	14.5	0.01	0.53	0.06	2.37	34.87	100	11_Fabids
234_Lotus_japonicus	0.0	8.29	35.77	0.0	0.51	0.0	0.0	0.0	1.69	13.99	0.0	0.66	0.28	2.51	36.29	100	11_Fabids
235_Abrus_precatorius	0.0	4.67	39.48	0.0	0.17	0.0	0.0	0.07	0.71	10.6	2.76	1.07	0.11	3.53	36.83	100	11_Fabids
236_Cajanus_cajan	0.23	1.64	35.75	0.68	0.05	0.0	0.17	0.0	0.69	9.26	0.0	0.57	0.48	2.37	48.11	100	11_Fabids
237_Glycine_max	0.0	2.67	65.39	0.0	0.31	0.0	0.02	0.0	0.45	11.01	0.09	0.58	2.5	2.34	14.62	100	11_Fabids
238_Glycine_soja	0.03	2.09	65.7	0.0	0.17	0.01	0.27	0.0	0.47	10.71	0.01	0.57	1.43	2.27	16.28	100	11_Fabids
239_Mucuna_pruriens	0.0	1.54	35.12	0.09	0.18	0.0	0.11	0.0	0.13	6.43	0.0	1.02	0.1	3.39	51.89	100	11_Fabids
241_Phaseolus_vulgaris	0.15	5.01	51.3	0.0	0.01	0.0	0.0	0.0	0.81	6.2	0.0	0.6	0.06	2.34	33.52	100	11_Fabids
242_Spatholobus_suberectus	0.0	2.75	33.66	0.14	0.26	0.0	0.02	0.0	0.95	19.78	0.09	0.57	0.0	2.27	39.52	100	11_Fabids
243_Vigna_angularis	0.0	1.37	36.58	0.03	0.05	0.0	0.0	0.05	0.28	8.96	0.07	0.84	0.06	5.22	46.49	100	11_Fabids
244_Vigna_radiata	0.0	0.44	47.65	0.0	0.02	0.0	0.0	0.0	0.33	8.98	0.05	0.88	0.04	3.4	38.21	100	11_Fabids
245_Vigna_unguiculata	0.0	0.74	45.55	0.0	0.03	0.0	0.0	0.15	1.67	16.18	0.4	0.72	0.09	4.03	30.43	100	11_Fabids
246_Quillaja_saponaria	0.03	5.79	17.09	0.0	0.1	0.0	0.0	0.04	0.66	3.42	0.04	1.14	0.34	4.07	67.29	100	11_Fabids
247_Cannabis_sativa	0.01	5.14	72.02	0.0	0.01	0.0	0.04	0.05	0.07	4.47	0.0	0.27	0.01	1.28	16.63	100	11_Fabids
248_Humulus_lupulus	0.0	2.56	59.15	0.02	0.05	0.0	0.0	0.07	0.16	5.85	0.0	0.19	0.0	0.88	31.08	100	11_Fabids
249_Parasponia_andersonii	0.0	1.17	50.41	0.0	0.01	0.0	0.0	0.07	0.57	10.08	0.0	0.48	0.1	2.14	34.97	100	11_Fabids
250_Trema_orientale	0.0	1.83	40.07	0.0	0.02	0.02	0.0	0.28	0.94	14.08	0.0	0.8	0.03	3.22	38.71	100	11_Fabids
251_Artocarpus_camansi	0.0	1.68	53.06	0.14	0.04	0.0	0.0	0.0	0.14	8.02	0.03	0.76	0.08	2.79	33.26	100	11_Fabids
252_Ficus_carica	0.0	0.82	17.8	0.04	0.07	0.0	0.0	0.1	1.29	11.23	0.02	2.18	0.07	9.84	56.54	100	11_Fabids
253_Ficus_erecta	0.04	1.82	35.62	0.0	0.39	0.0	0.14	0.0	2.35	23.59	0.42	1.36	0.06	6.01	28.2	100	11_Fabids
254_Morus_notabilis	0.0	1.47	43.13	0.07	0.06	0.0	0.13	0.02	1.91	13.43	0.03	1.04	0.0	4.48	34.23	100	11_Fabids
255_Ochetophila_trinervis	0.0	4.77	35.52	0.12	0.0	0.0	0.0	0.04	0.8	19.55	0.01	0.85	0.03	3.15	35.15	100	11_Fabids
257_Ziziphus_jujuba	0.0	2.93	49.88	0.31	0.22	0.03	0.06	0.15	1.66	10.8	0.39	1.22	0.06	5.49	26.8	100	11_Fabids
258_Prunus_avium	0.04	3.32	34.32	0.08	0.72	0.04	0.0	0.02	1.7	18.73	0.04	0.76	0.0	3.24	37.01	100	11_Fabids
259_Prunus_dulcis	0.0	1.69	45.88	0.0	0.65	0.05	0.0	0.0	1.06	26.46	0.06	0.73	0.06	3.27	20.1	100	11_Fabids
260_Prunus_mume	0.0	2.18	32.55	0.0	0.73	0.0	0.06	0.05	1.4	22.14	0.04	0.87	0.02	6.52	33.44	100	11_Fabids
261_Prunus_persica	0.0	2.96	39.45	0.0	0.37	0.0	0.03	0.0	1.03	28.26	0.45	0.73	0.45	3.12	23.15	100	11_Fabids
262_Prunus_yedoensis	0.0	3.12	34.79	0.03	0.76	0.01	0.03	0.08	1.84	25.8	0.74	0.65	0.34	2.68	29.13	100	11_Fabids
263_Malus_baccata	0.0	5.77	59.13	0.0	1.02	0.11	0.0	0.0	0.96	17.3	0.03	0.41	0.02	1.67	13.56	100	11_Fabids
264_Malus_domestica	0.0	6.8	56.48	0.0	1.17	0.12	0.01	0.01	1.18	19.45	0.02	0.43	0.04	1.66	12.64	100	11_Fabids
265_Pyrus_betulifolia	0.0	2.55	60.25	0.09	1.36	0.17	0.0	0.0	1.28	20.15	0.07	0.5	0.0	2.18	11.41	100	11_Fabids
266_Pyrus_x_bretschneideri	0.04	2.05	60.56	0.0	1.25	0.15	0.0	0.0	1.15	19.43	0.22	0.47	0.01	2.22	12.44	100	11_Fabids
267_Pyrus_ussuriensis_x_Pyrus_communis	0.0	2.32	65.93	0.0	1.49	0.14	0.0	0.0	1.15	18.16	0.02	0.42	0.01	1.8	8.56	100	11_Fabids
268_Dryas_drummondii	0.0	2.27	29.45	0.0	0.29	0.0	0.33	0.07	0.69	25.43	0.11	0.87	0.98	4.02	35.51	100	11_Fabids
269_Purshia_tridentata	0.0	5.83	31.16	0.0	0.09	0.0	0.04	0.06	1.76	20.3	0.11	1.1	0.21	4.45	34.89	100	11_Fabids
270_Geum_urbanum	0.0	3.28	52.95	0.04	0.02	0.0	0.0	0.0	0.94	19.62	0.1	0.17	0.49	0.92	21.48	100	11_Fabids
273_Fragaria_nubicola	1.55	5.83	31.53	0.0	0.74	0.02	0.0	0.0	2.13	28.18	0.02	0.8	0.54	3.52	25.13	100	11_Fabids
274_Fragaria_orientalis	2.22	5.59	29.45	0.0	0.7	0.05	0.0	0.24	1.86	26.49	0.02	0.7	0.61	2.96	29.11	100	11_Fabids
275_Fragaria_vesca	0.05	5.29	35.48	0.13	0.7	0.05	0.81	0.0	1.44	30.2	0.07	0.82	0.44	3.62	20.91	100	11_Fabids
276_Fragaria_x_ananassa	1.05	3.84	48.91	0.0	0.63	0.0	0.09	0.0	0.43	22.89	0.01	0.41	0.08	1.82	19.83	100	11_Fabids
277_Rosa_chinensis	0.03	5.42	52.45	0.0	0.26	0.0	0.0	0.02	0.86	13.65	0.05	0.41	0.33	1.85	24.69	100	11_Fabids
278_Rosa_lucieae	0.01	4.86	52.07	0.04	0.18	0.0	0.0	0.01	1.15	15.64	0.16	0.37	0.47	1.67	23.37	100	11_Fabids
280_Rosa_x_damascena	0.01	6.74	52.1	0.08	0.33	0.0	0.0	0.0	1.03	15.06	0.01	0.41	0.48	1.71	22.05	100	11_Fabids
281_Boehmeria_nivea	0.0	1.68	28.49	0.0	0.04	0.01	0.0	0.0	0.68	7.58	0.06	0.86	0.03	15.26	45.32	100	11_Fabids
282_Begonia_fuchsioides	0.0	8.77	42.69	0.0	0.01	0.0	0.0	0.0	0.27	9.3	0.46	0.42	0.34	4.72	33.02	100	11_Fabids
283_Benincasa_hispida	0.0	1.97	72.32	0.0	0.14	0.0	0.0	0.14	0.0	7.62	0.02	0.26	0.17	0.93	16.44	100	11_Fabids
284_Citrullus_lanatus	0.0	2.55	29.94	0.0	0.35	0.0	0.23	0.0	0.05	6.77	0.02	0.81	0.33	2.92	56.01	100	11_Fabids
285_Cucumis_melo	0.16	2.09	36.84	0.0	0.17	0.0	0.0	0.03	0.33	19.25	0.11	0.72	0.33	2.75	37.21	100	11_Fabids
286_Cucumis_sativus	0.0	7.16	31.83	0.18	0.3	0.0	0.0	0.03	0.38	11.08	0.24	1.31	0.69	4.57	42.24	100	11_Fabids
287_Lagenaria_siceraria	0.0	3.68	28.75	0.0	0.58	0.0	0.0	0.0	0.11	10.46	0.07	0.76	0.28	3.24	52.06	100	11_Fabids
288_Cucurbita_argyrosperma	0.0	1.95	46.33	0.0	1.94	0.03	0.0	0.0	0.45	5.85	0.81	1.36	0.07	5.57	35.65	100	11_Fabids
290_Cucurbita_moschata	0.0	1.7	49.32	0.0	4.14	0.0	0.0	0.22	1.2	3.61	0.32	0.84	0.89	6.03	31.74	100	11_Fabids
292_Momordica_charantia	0.21	4.4	25.2	0.0	0.2	0.0	0.0	0.0	0.17	3.06	0.1	0.72	0.28	2.37	63.3	100	11_Fabids
293_Datisca_glomerata	0.0	4.93	49.99	0.0	0.09	0.0	0.03	0.03	0.82	11.86	0.23	0.67	1.35	1.87	28.15	100	11_Fabids
294_Alnus_glutinosa	0.03	7.91	27.78	0.0	0.19	0.0	0.0	0.18	0.55	9.2	0.02	0.67	0.17	2.86	50.45	100	11_Fabids
295_Betula_nana	0.0	8.96	21.01	0.0	0.1	0.04	0.01	0.0	0.79	12.07	0.05	0.98	0.01	3.86	52.12	100	11_Fabids
296_Betula_pendula	0.26	10.34	25.73	0.02	0.03	0.02	0.0	0.03	0.69	9.62	0.07	0.74	0.08	2.83	49.54	100	11_Fabids
297_Casuarina_equisetifolia	0.0	7.24	49.84	0.16	0.06	0.0	0.0	0.39	3.11	2.51	0.46	0.62	0.05	2.34	33.22	100	11_Fabids
298_Casuarina_glauca	0.01	6.17	30.62	0.0	0.03	0.0	0.0	0.03	2.53	0.16	0.27	0.69	0.0	2.45	57.04	100	11_Fabids
299_Castanea_mollissima	0.0	5.97	41.35	0.0	0.16	0.0	0.0	0.08	0.95	9.95	0.05	0.62	0.06	3.09	37.72	100	11_Fabids
300_Fagus_sylvatica	0.05	8.88	27.82	0.04	0.75	0.0	0.0	0.02	1.22	9.53	0.41	0.98	0.14	4.48	45.69	100	11_Fabids
301_Quercus_lobata	0.04	6.95	29.9	0.0	0.06	0.0	3.81	0.0	0.93	8.9	0.51	0.66	0.19	3.42	44.64	100	11_Fabids
302_Quercus_robur	0.29	6.6	35.28	0.01	0.08	0.0	1.48	0.01	0.97	8.63	0.01	0.65	0.15	3.13	42.72	100	11_Fabids
303_Quercus_suber	0.28	7.61	36.01	0.05	0.35	0.0	0.84	0.0	0.52	8.09	0.02	0.7	0.09	3.34	42.09	100	11_Fabids
304_Juglans_cathayensis	0.0	12.86	24.82	0.0	0.2	0.0	0.01	0.11	0.87	10.84	0.0	0.46	0.07	2.32	47.42	100	11_Fabids
305_Juglans_hindsii	0.05	11.09	25.17	0.03	0.25	0.0	0.02	0.0	0.78	10.51	0.04	0.49	0.08	2.71	48.77	100	11_Fabids
306_Juglans_mandshurica	0.0	12.95	26.22	0.0	0.2	0.0	0.0	0.12	0.78	9.52	0.0	0.54	0.4	2.55	46.71	100	11_Fabids
307_Juglans_microcarpa	0.01	10.7	22.81	0.0	0.22	0.0	0.0	0.06	0.43	9.78	0.07	0.53	0.03	2.64	52.74	100	11_Fabids
308_Juglans_microcarpa_x_Juglans_regia	0.0	15.08	25.06	0.0	0.29	0.0	0.06	0.16	1.34	15.14	0.0	0.46	0.57	2.55	39.29	100	11_Fabids
309_Juglans_nigra	0.12	12.29	24.9	0.05	0.36	0.0	0.0	0.08	0.36	10.91	0.09	0.51	0.01	2.54	47.8	100	11_Fabids
310_Juglans_regia	0.0	11.95	22.95	0.01	0.22	0.0	0.0	0.11	0.58	11.32	0.8	0.51	1.79	2.85	46.91	100	11_Fabids
311_Juglans_sigillata	0.0	13.46	24.56	0.0	0.23	0.0	0.0	0.0	0.58	10.75	0.0	0.54	0.07	2.73	47.07	100	11_Fabids
312_Pterocarya_stenoptera	0.0	13.07	23.61	0.0	0.31	0.0	0.0	0.1	1.06	11.2	0.61	0.56	0.17	2.6	46.71	100	11_Fabids
313_Morella_rubra	0.04	4.92	28.21	0.11	0.32	0.0	0.1	0.08	1.5	18.96	0.16	0.56	0.0	2.03	43.01	100	11_Fabids
314_Punica_granatum	0.04	2.22	31.55	0.03	0.52	0.02	0.05	0.0	1.68	8.01	0.04	0.47	0.33	3.06	51.97	100	12_Malvids
316_Eucalyptus_grandis	0.0	4.98	44.31	0.0	0.26	0.0	0.02	0.0	1.64	17.63	0.01	0.38	0.18	1.99	28.61	100	12_Malvids
317_Eucalyptus_melliodora	0.0	4.9	49.94	0.0	0.21	0.01	0.08	0.04	1.27	18.41	0.22	0.42	0.13	2.12	22.26	100	12_Malvids
318_Eucalyptus_pauciflora	0.0	4.15	44.49	0.0	0.43	0.0	0.04	0.03	2.32	21.58	0.1	0.39	0.21	1.77	24.48	100	12_Malvids
319_Gossypium_darwinii	0.0	1.53	80.07	0.0	0.0	0.0	0.0	0.0	0.13	4.94	0.11	0.27	0.03	0.81	12.12	100	12_Malvids
320_Gossypium_mustelinum	0.0	1.37	80.8	0.0	0.0	0.0	0.0	0.0	0.07	4.26	0.05	0.25	0.0	0.76	12.44	100	12_Malvids
321_Gossypium_tomentosum	0.0	1.76	81.86	0.0	0.01	0.01	0.0	0.0	0.04	4.03	0.19	0.28	0.0	0.81	11.0	100	12_Malvids
322_Gossypium_turneri	0.0	2.5	74.21	0.0	0.0	0.0	0.0	0.0	0.28	7.63	0.02	0.35	0.0	1.21	13.79	100	12_Malvids
323_Metrosideros_polymorpha	0.01	2.82	26.79	0.0	0.31	0.04	0.0	0.05	0.94	31.09	0.29	0.41	0.15	2.33	34.78	100	12_Malvids
324_Rhodamnia_argentea	0.01	1.91	41.42	0.0	0.28	0.0	0.0	0.01	1.36	24.99	0.35	0.44	0.41	2.57	26.25	100	12_Malvids
326_Psidium_guajava	0.0	4.86	42.77	0.0	0.21	0.0	0.0	0.11	1.01	18.03	0.11	0.28	1.25	1.3	30.07	100	12_Malvids
327_Syzygium_oleosum	0.04	2.63	46.24	0.03	0.23	0.0	0.0	0.0	1.1	23.82	0.11	0.36	0.04	1.79	23.61	100	12_Malvids
329_Azadirachta_indica	0.0	1.98	33.99	0.05	0.06	0.0	0.0	0.0	2.24	14.18	0.13	1.05	0.03	4.63	41.66	100	12_Malvids
330_Atalantia_buxifolia	0.0	3.77	40.43	0.11	0.11	0.0	0.11	0.24	1.35	12.72	0.04	0.58	0.01	2.63	37.9	100	12_Malvids
331_Citrus_cavaleriei	0.0	4.16	44.17	0.0	0.19	0.0	0.0	0.21	1.37	12.24	0.01	0.61	0.05	2.67	34.31	100	12_Malvids
332_Citrus_clementina	0.0	3.55	45.21	0.01	0.09	0.0	0.1	0.22	1.25	12.23	0.03	0.46	0.15	7.14	29.56	100	12_Malvids
333_Citrus_hindsii	0.0	3.54	47.42	0.13	0.19	0.0	0.03	0.33	1.43	12.79	0.08	0.55	0.29	2.39	30.83	100	12_Malvids
334_Citrus_maxima	0.0	3.16	50.64	0.17	0.36	0.0	0.06	0.11	1.72	11.86	3.27	0.46	0.4	2.14	25.66	100	12_Malvids
335_Citrus_medica	0.02	3.22	53.04	0.0	0.04	0.0	0.03	0.16	1.28	11.99	0.04	0.52	0.0	3.53	26.13	100	12_Malvids
336_Citrus_reticulata	0.18	3.0	31.05	0.0	0.0	0.0	0.0	0.0	1.59	4.15	0.03	0.52	0.18	3.37	55.93	100	12_Malvids
337_Citrus_sinensis	0.05	3.54	42.68	0.1	0.07	0.0	0.01	0.09	1.47	11.93	0.04	0.5	0.22	2.55	36.75	100	12_Malvids
338_Citrus_unshiu	0.0	3.3	45.4	0.0	0.08	0.02	0.0	0.22	1.31	10.57	0.01	0.59	0.32	2.52	35.65	100	12_Malvids
339_Citrus_x_paradisi_x_Citrus_trifoliata	0.07	5.79	41.35	0.03	0.09	0.0	0.0	0.03	1.39	11.64	0.01	0.72	0.01	2.73	36.14	100	12_Malvids
340_Acer_yangbiense	0.03	3.85	57.02	0.0	0.17	0.0	0.0	0.07	0.6	10.78	0.0	0.43	0.0	2.33	24.74	100	12_Malvids
341_Xanthoceras_sorbifolium	0.0	6.66	43.46	0.03	0.08	0.0	0.0	0.24	0.32	10.58	0.1	0.43	0.07	2.08	35.97	100	12_Malvids
342_Herrania_umbratica	0.0	2.29	48.65	0.07	0.0	0.0	0.0	0.0	0.65	10.58	0.0	0.74	0.0	2.33	34.69	100	12_Malvids
344_Corchorus_capsularis	0.0	5.53	44.54	0.0	0.03	0.0	0.07	0.0	1.02	10.74	0.16	0.52	0.4	2.02	34.98	100	12_Malvids
345_Corchorus_olitorius	0.0	4.52	49.24	0.0	0.03	0.0	0.0	0.03	0.73	8.26	0.11	0.53	0.2	2.59	33.76	100	12_Malvids
346_Durio_zibethinus	0.0	3.96	52.86	0.0	0.01	0.0	0.0	0.19	2.44	7.91	0.95	0.67	0.4	2.09	28.53	100	12_Malvids
347_Gossypioides_kirkii	0.13	4.16	62.34	0.0	0.01	0.0	0.0	0.03	0.52	8.24	0.63	0.46	0.04	1.42	22.03	100	12_Malvids
348_Gossypium_arboreum	0.0	1.05	82.37	0.0	0.01	0.0	0.0	0.0	0.0	2.27	0.04	0.21	0.0	0.71	13.34	100	12_Malvids
349_Gossypium_barbadense	0.0	1.64	76.31	0.0	0.0	0.0	0.0	0.06	0.04	4.66	0.14	0.32	0.0	1.28	15.55	100	12_Malvids
350_Gossypium_hirsutum	0.0	1.4	78.52	0.0	0.03	0.0	0.04	0.05	0.08	3.63	0.04	0.26	0.0	0.86	15.08	100	12_Malvids
351_Gossypium_raimondii	0.0	2.4	68.92	0.0	0.16	0.0	0.02	0.05	0.21	8.19	0.15	0.38	0.03	1.26	18.24	100	12_Malvids
352_Gossypium_thurberi	0.0	2.72	66.57	0.0	0.11	0.0	0.0	0.0	0.03	6.04	0.04	0.43	0.0	1.44	22.62	100	12_Malvids
353_Hibiscus_syriacus	0.05	3.37	55.39	0.0	0.18	0.0	0.04	0.05	0.12	8.78	0.0	0.3	0.28	1.12	30.32	100	12_Malvids
354_Kokia_drynarioides	0.0	4.23	63.41	0.04	0.07	0.0	0.01	0.0	0.17	6.27	0.01	0.49	0.0	1.51	23.8	100	12_Malvids
355_Aquilaria_agallochum	0.0	3.07	50.26	0.0	0.03	0.1	0.0	0.29	0.68	10.92	0.05	0.22	0.03	0.89	33.45	100	12_Malvids
356_Aquilaria_sinensis	0.06	2.21	51.74	0.03	0.04	0.06	0.01	0.0	0.47	8.68	0.11	0.22	0.0	1.04	35.32	100	12_Malvids
357_Aethionema_arabicum	0.0	5.39	35.95	0.28	0.14	0.0	0.19	0.13	1.47	18.93	0.0	1.44	0.1	5.35	30.63	100	12_Malvids
358_Arabis_alpina	0.0	6.91	48.0	0.01	0.41	0.08	0.03	0.06	3.8	14.58	0.03	0.34	0.31	1.23	24.22	100	12_Malvids
360_Arabis_nordmanniana	0.0	9.35	39.28	0.0	0.99	0.12	0.04	0.2	2.38	16.19	0.0	1.15	0.13	4.66	25.52	100	12_Malvids
361_Aurinia_saxatilis	0.12	10.61	43.33	0.0	0.31	0.07	0.01	0.02	1.74	12.92	0.01	0.34	0.22	1.41	28.9	100	12_Malvids
362_Odontarrhena_argentea	0.0	10.35	22.74	0.0	0.74	0.13	0.14	0.2	3.23	17.2	0.01	1.31	0.25	5.33	38.37	100	12_Malvids
363_Anastatica_hierochuntica	0.0	9.5	56.8	0.03	0.47	0.1	0.08	0.0	1.26	12.91	0.04	0.3	0.1	1.01	17.4	100	12_Malvids
364_Biscutella_auriculata	0.0	6.6	35.14	0.19	0.18	0.17	0.0	0.0	0.52	21.84	0.0	0.51	0.02	1.66	33.17	100	12_Malvids
365_Biscutella_laevigata	0.0	7.49	34.74	0.0	0.5	0.03	0.0	0.0	1.01	18.36	0.0	0.52	0.05	1.75	35.55	100	12_Malvids
366_Boechera_puberula	0.0	6.5	36.03	0.06	0.39	0.04	0.0	0.14	3.76	21.45	0.01	1.16	0.09	4.32	26.05	100	12_Malvids
367_Boechera_stricta	0.0	6.64	37.95	0.0	0.44	0.0	0.04	0.04	4.12	21.01	0.04	1.0	0.01	3.89	24.83	100	12_Malvids
368_Schrenkiella_parvula	0.0	9.76	35.08	0.0	1.0	0.08	0.36	0.12	4.36	18.96	0.01	1.86	0.0	5.93	22.49	100	12_Malvids
369_Brassica_cretica	0.0	8.01	37.8	0.0	0.71	0.03	0.0	0.0	1.43	18.23	0.0	0.49	1.11	1.96	30.22	100	12_Malvids
370_Brassica_juncea	0.18	7.42	36.38	0.06	0.87	0.01	0.02	0.05	1.48	18.25	0.18	0.78	0.26	2.86	31.19	100	12_Malvids
371_Brassica_napus	0.0	8.58	39.16	0.05	0.95	0.06	0.0	0.32	1.59	21.32	0.51	0.53	0.0	2.04	24.88	100	12_Malvids
372_Brassica_nigra	0.0	7.15	40.58	0.0	0.49	0.02	0.0	0.05	1.63	19.31	0.01	0.72	0.0	2.74	27.3	100	12_Malvids
373_Brassica_oleracea	0.0	9.29	34.44	0.0	0.65	0.03	0.0	0.02	0.94	17.82	0.05	0.55	0.35	3.85	32.02	100	12_Malvids
374_Brassica_rapa	0.06	9.92	20.28	0.0	0.97	0.03	0.01	0.0	1.65	19.66	0.17	0.85	0.58	3.25	42.57	100	12_Malvids
375_Erucastrum_elatum	0.0	10.44	21.84	0.01	1.64	0.18	0.0	0.0	5.07	22.04	0.04	0.9	0.49	3.26	34.09	100	12_Malvids
376_Raphanus_raphanistrum	0.03	10.42	23.08	0.13	1.5	0.1	0.0	0.0	2.18	20.83	0.02	1.01	0.74	3.51	36.45	100	12_Malvids
377_Raphanus_sativus	0.0	10.36	26.09	0.0	1.18	0.13	0.0	0.05	2.06	19.28	0.02	0.94	1.04	3.35	35.51	100	12_Malvids
378_Arabidopsis_halleri	0.0	10.36	29.76	0.04	1.23	0.3	0.0	0.0	10.6	21.86	0.04	1.07	0.35	3.7	20.7	100	12_Malvids
379_Arabidopsis_lyrata	0.0	7.76	34.64	0.0	0.83	0.24	0.0	0.0	15.63	17.35	0.14	0.97	0.25	3.52	18.66	100	12_Malvids
380_Arabidopsis_thaliana	0.0	5.72	34.17	0.41	0.7	0.1	0.0	0.0	12.18	18.41	0.18	2.1	3.46	6.99	15.58	100	12_Malvids
381_Camelina_sativa	0.03	8.9	43.33	0.0	0.3	0.08	0.0	0.03	7.96	13.92	0.0	0.9	0.94	3.64	19.96	100	12_Malvids
382_Capsella_bursa-pastoris	0.12	7.6	24.95	0.0	0.69	0.14	0.07	0.05	7.78	18.44	0.0	1.74	10.67	6.34	21.41	100	12_Malvids
383_Capsella_rubella	0.04	6.96	27.43	0.0	0.69	0.1	0.0	0.0	10.34	17.76	0.04	1.87	6.42	7.11	21.24	100	12_Malvids
384_Barbarea_vulgaris	0.0	7.37	38.05	0.0	0.9	0.03	0.06	0.07	4.65	15.77	0.0	1.68	0.16	6.03	25.23	100	12_Malvids
385_Leavenworthia_alabamica	0.35	6.3	37.22	0.0	1.29	0.04	0.0	0.06	2.62	22.67	0.03	1.28	0.44	5.21	22.5	100	12_Malvids
386_Nasturtium_officinale	0.0	4.79	45.5	0.0	0.22	0.0	0.0	0.0	1.26	17.21	0.16	1.34	0.0	5.48	24.04	100	12_Malvids
387_Noccaea_caerulescens	0.56	4.03	44.74	0.0	0.49	0.0	0.0	0.0	4.23	16.49	0.03	1.56	0.0	5.7	22.18	100	12_Malvids
388_Noccaea_goesingensis	0.0	11.35	27.43	0.03	1.09	0.39	0.04	0.05	3.36	13.6	0.04	1.78	0.26	6.03	34.55	100	12_Malvids
389_Raparia_bulbosa	0.0	6.33	39.19	0.0	0.74	0.32	0.0	0.0	2.76	15.53	0.03	1.44	0.17	5.49	27.99	100	12_Malvids
390_Conringia_planisiliqua	0.0	4.15	48.26	0.0	0.71	0.0	0.13	0.03	1.65	12.33	0.78	0.87	0.03	3.57	27.5	100	12_Malvids
391_Cochlearia_officinalis	0.0	3.87	17.67	0.08	0.56	0.06	0.0	0.02	3.18	30.51	0.18	1.13	0.6	4.18	37.95	100	12_Malvids
392_Crucihimalaya_himalaica	0.0	6.16	46.71	0.0	0.16	0.03	0.0	0.3	3.07	21.91	0.01	0.48	0.12	2.03	19.04	100	12_Malvids
393_Erysimum_cheiri	0.0	10.95	27.21	0.0	1.63	0.31	0.0	0.01	7.97	17.91	0.04	2.36	0.44	8.08	23.1	100	12_Malvids
394_Erysimum_pusillum	0.0	10.6	27.23	0.0	1.26	0.06	0.22	0.0	7.43	16.28	0.08	2.62	0.23	8.67	25.32	100	12_Malvids
395_Euclidium_syriacum	0.0	6.23	48.71	0.0	0.44	0.0	0.02	0.0	3.78	11.76	0.34	0.62	0.13	2.15	25.83	100	12_Malvids
396_Eutrema_heterophyllum	0.06	4.94	49.0	0.0	0.31	0.1	0.0	0.0	2.46	19.59	0.02	0.48	0.15	1.64	21.26	100	12_Malvids
397_Eutrema_salsugineum	0.0	4.09	59.52	0.0	0.25	0.0	0.11	0.0	3.25	10.29	0.0	0.46	0.27	1.61	20.16	100	12_Malvids
