Species	ClassI:DIRS	ClassI:LINE	ClassI:LTR	ClassI:PLE	ClassI:SINE	ClassI:unknown	ClassII:Circular_dsDNA	ClassII:DNA_Polymerase	ClassII:Rolling_Circle	ClassII:TIR	Pseudogene:RNA	Tandem_Repeat:Low_complexity	Tandem_Repeat:Satellite	Tandem_Repeat:Simple_repeat	Unknown	Total
3_Chloropicon_primus	0.0	0.0	0.11	0.0	0.0	0.0	0.0	0.0	0.0	2.53	0.0	11.6	0.0	80.53	5.23	100
4_Edaphochlamys_debaryana	0.07	2.64	0.78	0.03	0.07	0.0	0.0	0.0	0.67	0.5	0.0	14.2	0.0	61.56	19.5	100
5_Bathycoccus_prasinos	0.0	0.0	0.91	0.11	0.0	0.0	0.0	0.56	0.0	4.04	0.0	12.07	0.0	79.1	3.2	100
6_Ostreococcus_tauri	0.0	0.17	0.0	0.0	0.0	0.0	0.0	0.0	0.13	0.97	0.0	2.54	0.13	85.54	10.52	100
7_Ostreococcus_sp._lucimarinus	0.36	0.19	0.49	0.12	0.0	0.0	0.85	0.0	0.24	3.29	0.0	1.55	0.0	81.18	11.74	100
8_Micromonas	0.0	0.0	0.52	0.0	0.0	0.0	0.0	0.0	0.08	0.0	0.0	2.03	0.0	27.67	69.7	100
9_Micromonas_commoda	0.0	0.0	0.14	0.0	0.0	0.0	0.0	0.29	0.0	0.77	0.0	5.72	0.0	83.74	9.33	100
10_Micromonas_pusilla	0.0	0.0	0.08	0.0	0.0	0.0	0.07	0.0	0.0	0.25	0.0	2.52	0.0	77.49	19.59	100
11_Bathycoccus	0.16	0.74	0.61	0.18	0.46	0.0	0.28	0.84	0.0	7.52	0.0	8.09	0.11	78.67	2.34	100
12_unclassified_Mamiellophyceae	0.0	0.0	0.0	0.0	0.0	0.0	0.0	0.0	0.0	0.0	0.0	7.01	0.0	69.36	23.63	100
13_Cymbomonas_tetramitiformis	1.16	2.59	4.41	0.15	0.22	0.0	0.17	0.04	0.12	3.63	0.0	1.23	0.06	14.52	71.7	100
14_Chlamydomonas	0.0	0.38	0.03	0.0	0.06	0.0	0.0	0.0	0.16	0.52	0.0	16.08	0.0	65.14	17.64	100
15_Chlamydomonas_applanata	0.03	7.7	2.09	0.0	0.0	0.0	0.08	0.0	0.0	0.67	0.0	6.52	0.0	65.46	17.45	100
16_Chlamydomonas_asymmetrica	0.02	5.76	1.15	0.08	0.0	0.0	0.0	0.0	0.04	2.93	0.0	2.66	0.11	54.55	32.69	100
17_Chlamydomonas_debaryana	0.03	2.65	0.95	0.0	0.12	0.0	0.0	0.0	0.74	0.5	0.0	14.17	0.0	61.42	19.42	100
18_Chlamydomonas_eustigma	0.0	5.2	7.32	0.0	0.0	0.0	0.0	0.11	1.28	0.1	0.0	3.04	0.0	44.62	38.33	100
19_Chlamydomonas_reinhardtii	0.02	8.97	0.66	0.04	0.19	0.0	0.0	0.42	0.96	7.31	0.08	5.58	0.15	56.15	19.48	100
20_Chlamydomonas_sphaeroides	0.11	3.32	0.74	0.06	0.01	0.0	0.0	0.0	0.03	0.22	0.0	9.19	0.0	64.63	21.7	100
21_Chloromonas	0.08	4.59	0.57	0.0	0.04	0.0	0.15	0.62	0.0	2.51	0.07	1.85	0.21	27.75	61.56	100
22_Eudorina	0.15	6.99	2.06	0.34	1.02	0.0	0.0	0.04	0.8	6.4	0.33	4.53	0.34	45.81	31.19	100
23_Gonium_pectorale	0.2	4.25	1.32	0.07	0.15	0.0	0.0	0.0	0.17	1.21	0.0	8.12	0.0	53.86	30.65	100
24_Volvox_carteri	0.71	8.8	5.11	0.08	0.52	0.0	0.21	0.13	1.12	6.86	0.27	4.15	0.43	52.53	19.09	100
25_Yamagishiella_unicocca	0.21	7.14	5.13	0.05	0.5	0.0	0.0	0.0	0.11	2.56	0.7	5.16	0.1	42.96	35.38	100
26_Haematococcus	0.0	10.27	2.03	1.14	0.07	0.0	1.33	0.0	0.0	1.06	0.0	5.68	0.06	59.61	18.75	100
27_Haematococcus_lacustris	0.11	10.1	5.35	0.05	0.03	0.0	0.54	0.19	0.88	2.8	0.0	4.3	0.1	36.82	38.72	100
29_Characiochloris	0.11	3.4	0.58	0.26	0.02	0.0	0.0	0.41	0.0	2.58	0.06	1.74	0.08	28.45	62.32	100
30_Dunaliella	0.0	3.86	0.9	0.0	0.0	0.0	0.0	0.0	0.0	17.96	0.0	2.45	0.0	62.04	12.8	100
31_Dunaliella_salina	0.03	19.83	2.42	0.18	0.01	0.0	0.02	0.0	0.08	3.36	0.17	0.71	0.08	22.93	50.17	100
32_Tetrabaena_socialis	0.0	3.97	0.72	0.02	0.0	0.0	0.0	0.0	0.32	3.27	0.0	6.26	0.07	46.74	38.62	100
33_Mychonastes_homosphaera	0.0	0.0	0.33	0.0	0.0	0.0	0.0	0.0	0.0	0.28	0.0	7.18	0.0	91.36	0.86	100
34_Messastrum_gracile	0.0	0.5	0.1	0.0	0.0	0.0	0.0	0.0	0.0	1.4	0.0	11.39	0.02	83.27	3.32	100
35_Monoraphidium	0.0	39.05	8.96	0.05	0.2	0.0	0.26	0.05	0.0	1.1	0.0	0.55	0.0	27.49	22.3	100
36_Monoraphidium_neglectum	0.0	3.57	0.05	0.0	0.0	0.0	0.0	0.0	0.0	11.08	0.0	4.37	0.0	77.06	3.87	100
37_Raphidocelis_subcapitata	0.01	1.05	0.17	0.0	0.0	0.0	0.0	0.0	0.0	0.11	0.0	8.92	0.0	85.38	4.34	100
38_Desmodesmus_armatus	0.05	20.05	1.2	0.19	0.27	0.0	0.33	0.14	0.01	1.64	0.06	4.2	0.23	59.63	12.0	100
39_Scenedesmus	0.02	30.72	6.15	0.0	0.01	0.0	0.04	0.0	0.01	0.9	0.0	0.52	0.01	55.01	6.61	100
40_Scenedesmus_quadricauda	0.0	1.45	0.09	0.0	0.25	0.0	0.0	0.0	0.0	5.43	0.1	3.17	0.0	82.89	6.61	100
41_Scenedesmus_vacuolatus	0.0	38.62	6.37	0.0	0.0	0.0	0.0	0.0	0.0	0.0	0.0	0.67	0.0	45.11	9.23	100
42_Coelastrella	0.0	33.67	2.54	0.0	0.11	0.0	0.0	0.0	0.0	0.39	0.0	0.55	0.0	35.61	27.14	100
43_Tetradesmus_obliquus	0.04	35.58	0.99	0.0	0.0	0.0	0.02	0.01	0.09	0.95	0.0	0.52	0.0	54.91	6.88	100
44_Tetraselmis_striata	2.51	7.26	3.63	0.01	0.06	0.0	0.03	0.03	1.4	4.97	0.02	2.55	0.05	34.0	43.49	100
45_Picocystis	0.25	1.65	20.2	0.0	0.32	0.0	0.59	0.12	0.0	8.76	0.51	6.88	0.0	31.53	29.19	100
46_Ulva_mutabilis	0.1	13.05	11.37	0.46	0.05	0.0	0.0	0.0	0.15	0.88	0.0	0.95	0.0	23.59	49.4	100
47_Ulva_prolifera	0.07	3.81	4.99	0.05	0.16	0.0	0.0	0.0	0.12	4.41	0.27	1.37	0.04	29.54	55.17	100
48_Parachlorella_kessleri	0.0	3.99	0.19	0.0	0.0	0.0	0.09	0.0	0.05	0.23	0.0	4.36	0.0	60.39	30.71	100
49_Helicosporidium	0.0	0.0	0.0	0.0	0.0	0.0	0.0	0.0	0.0	0.0	0.0	11.06	0.35	64.11	24.48	100
51_Auxenochlorella_pyrenoidosa	0.0	0.37	0.12	0.0	0.0	0.0	0.0	0.0	0.0	0.1	0.0	9.55	0.0	85.72	4.14	100
52_Auxenochlorella_protothecoides	0.0	0.15	0.0	0.0	0.0	0.0	0.0	0.0	0.0	0.96	0.17	14.04	0.0	76.42	8.27	100
53_Micractinium_conductrix	0.04	6.65	1.14	0.0	0.14	0.0	0.0	0.0	0.41	1.78	0.0	7.03	0.0	77.82	4.99	100
54_Chlorella_sorokiniana	0.0	2.57	4.03	0.0	0.15	0.0	0.0	0.0	0.0	1.58	0.0	4.01	0.0	83.02	4.64	100
55_Chlorella_variabilis	0.0	1.84	0.8	0.0	0.0	0.0	0.0	0.0	0.12	0.65	0.0	6.62	0.0	84.64	5.33	100
56_Chlorella_vulgaris	0.0	2.83	0.13	0.0	0.0	0.0	0.0	0.0	0.0	0.46	0.0	5.18	0.0	87.32	4.08	100
57_Prototheca_bovis	0.0	0.0	0.0	0.0	0.0	0.0	0.0	0.0	0.0	1.11	0.0	16.1	0.17	78.97	3.65	100
58_Prototheca_ciferrii	0.0	0.0	0.0	0.0	0.42	0.0	0.0	0.0	0.0	0.84	0.0	14.04	0.0	81.13	3.58	100
59_Prototheca_cutis	0.0	0.83	0.11	0.0	0.0	0.0	0.0	0.0	0.0	0.29	0.0	5.01	0.0	83.18	10.58	100
60_Prototheca_stagnorum	0.0	0.0	0.0	0.0	0.0	0.0	0.24	0.0	0.0	0.0	0.0	14.81	0.0	75.84	9.1	100
61_Prototheca_wickerhamii	0.0	0.1	2.17	0.0	0.26	0.0	0.0	0.0	0.0	0.0	0.0	6.89	0.0	80.28	10.29	100
62_Prototheca_zopfii	0.0	0.0	0.29	0.0	0.08	0.0	0.09	0.0	0.0	0.6	0.0	15.84	0.12	77.65	5.33	100
63_Chloroidium	0.0	0.36	0.0	0.0	0.0	0.0	0.0	0.0	0.0	0.0	0.0	9.89	0.0	80.31	9.43	100
64_Chlorella	0.0	0.39	0.05	0.0	0.0	0.0	0.0	0.0	0.0	0.13	0.0	11.58	0.0	85.01	2.85	100
65_Picochlorum	0.0	0.76	0.0	0.0	0.0	0.0	0.0	0.0	0.0	0.62	0.0	9.7	0.0	74.23	14.69	100
66_Botryococcus_braunii	0.11	3.24	6.4	0.05	0.0	0.0	0.06	0.0	0.09	26.88	0.04	4.01	1.51	44.49	13.1	100
67_Coccomyxa	0.0	7.78	0.8	0.0	0.0	0.0	0.0	0.0	0.0	0.3	0.0	3.51	0.0	56.47	31.14	100
68_Coccomyxa_subellipsoidea_C-169	0.0	5.5	0.2	0.0	0.0	0.0	0.0	0.0	0.0	2.39	0.14	2.08	0.0	37.89	51.8	100
69_unclassified_Trebouxiophyceae	1.52	2.71	1.13	0.0	0.0	0.0	0.06	0.0	0.0	1.88	0.0	5.23	0.06	71.89	15.53	100
70_Trebouxia	0.0	11.17	6.21	0.0	0.0	0.0	0.0	0.0	0.53	0.45	0.08	1.77	0.0	32.86	46.93	100
71_Trebouxia_gelatinosa	0.41	7.8	3.23	0.0	0.0	0.0	0.0	0.0	0.61	2.08	0.0	1.73	0.0	52.56	31.57	100
72_Chlorokybus_atmophyticus	1.09	3.09	9.11	0.0	0.15	0.0	0.25	0.0	0.0	23.54	0.0	2.2	0.18	44.63	15.76	100
73_Mesostigma_viride	0.33	8.43	0.55	0.14	0.0	0.0	0.0	0.09	0.03	1.67	0.0	2.26	0.0	25.89	60.63	100
74_Klebsormidium_nitens	0.25	1.71	3.9	0.0	0.0	0.0	0.0	0.0	0.0	1.51	0.39	4.44	0.0	31.76	56.04	100
75_Chara_braunii	0.25	3.03	7.23	0.14	0.72	0.0	0.27	0.08	0.62	7.99	2.48	2.37	1.07	22.18	51.58	100
76_Mesotaenium_endlicherianum	0.55	0.88	10.37	0.02	0.02	0.0	0.0	0.05	0.06	10.75	0.0	8.08	0.08	53.92	15.22	100
78_Physcomitrella_patens	0.0	2.23	34.81	0.0	0.02	0.0	0.0	0.0	1.46	3.48	0.06	5.93	0.07	41.54	10.41	100
79_Pleurozium_schreberi	0.12	0.75	1.69	0.02	0.03	0.0	0.0	0.11	0.24	6.07	0.03	1.1	0.09	6.81	82.93	100
80_Marchantia_inflexa	0.0	1.49	19.45	0.07	0.08	0.0	0.0	0.15	1.16	6.65	0.0	1.57	0.02	8.4	60.96	100
81_Marchantia_polymorpha	0.1	2.28	15.42	0.08	0.26	0.0	0.1	0.0	0.66	5.26	0.22	5.04	0.0	33.22	37.37	100
82_Selaginella_kraussiana	0.02	10.08	11.25	0.2	1.19	0.0	0.0	0.05	1.0	4.08	0.37	2.19	0.0	12.94	56.62	100
83_Selaginella_moellendorffii	0.0	1.67	35.44	0.22	1.06	0.0	0.04	0.21	3.99	8.38	0.53	3.05	0.08	20.09	25.23	100
84_Selaginella_tamariscina	0.05	3.69	13.01	0.58	1.36	0.0	0.16	0.2	0.17	29.4	0.16	2.31	0.02	29.48	19.4	100
85_Adiantum_capillus_veneris	0.0	4.28	29.34	0.41	0.09	0.0	0.02	0.04	0.17	8.33	0.0	0.75	0.11	17.55	38.93	100
86_Azolla_filliculoides	0.0	9.9	26.7	0.14	1.79	0.0	0.0	0.11	1.17	5.78	0.64	1.68	0.53	23.4	28.15	100
87_Salvinia_cucullata	0.0	6.6	18.93	0.0	3.04	0.0	0.0	0.02	1.34	5.27	1.06	1.68	0.27	16.65	45.15	100
89_Gnetum_montanum	0.0	5.19	30.05	0.22	0.84	0.0	0.0	0.6	0.25	2.18	0.04	1.06	0.65	4.82	54.11	100
95_Sequoiadendron_giganteum	0.0	3.71	33.92	0.31	0.06	0.07	0.32	0.07	0.19	9.32	0.01	2.06	0.43	9.82	39.71	100
97_Amborella_trichopoda	0.0	6.02	23.5	0.0	0.39	0.0	0.0	0.05	0.16	41.55	0.12	3.09	0.02	16.01	9.09	100
98_Nymphaea_colorata	0.14	2.71	12.3	0.59	0.03	0.0	0.08	0.02	0.89	20.43	0.59	3.65	0.05	25.73	32.79	100
99_Cinnamomum_micranthum	0.01	4.57	11.26	0.0	0.86	0.0	0.06	0.01	0.63	10.49	0.05	2.98	0.21	20.12	48.76	100
100_Persea_americana	0.0	4.95	13.16	0.24	0.39	0.0	0.16	0.06	0.36	8.89	0.02	2.99	0.59	17.83	50.36	100
101_Liriodendron_chinense	0.03	2.65	17.94	0.0	0.05	0.0	0.0	0.16	0.12	15.08	0.04	1.32	0.01	11.48	51.11	100
102_Magnolia_ashei	0.02	4.77	13.19	0.0	0.09	0.08	0.0	0.02	0.16	15.66	0.03	1.11	0.1	6.68	58.08	100
103_Spirodela_polyrhiza	0.13	0.57	14.94	0.18	0.0	0.0	0.0	0.0	0.11	3.42	0.0	6.7	0.11	54.97	18.87	100
104_Zostera_marina	0.0	7.54	17.95	0.02	0.08	0.0	0.0	0.0	0.12	10.94	0.09	2.79	0.13	13.25	47.1	100
105_Dioscorea_alata	0.06	2.19	20.84	0.01	0.06	0.0	0.05	0.0	0.2	9.5	0.09	4.42	0.16	28.14	34.27	100
106_Dioscorea_rotundata	0.1	2.18	19.64	0.2	0.08	0.0	0.09	0.0	0.23	11.83	0.03	4.7	0.05	29.96	30.9	100
107_Trichopus_zeylanicus	0.21	0.52	18.25	0.0	0.19	0.0	0.0	0.55	0.35	20.82	0.16	3.05	0.08	16.46	39.35	100
108_Xerophyta_viscosa	0.0	2.68	8.01	0.02	0.65	0.0	0.04	0.2	0.39	16.03	0.06	3.09	0.32	24.39	44.11	100
109_Asparagus_officinalis	0.0	2.01	33.26	0.03	0.02	0.0	0.06	0.02	0.8	8.74	0.0	1.47	0.01	9.5	44.06	100
110_Apostasia_shenzhenica	0.09	6.64	11.86	0.0	0.15	0.0	0.0	0.07	0.12	12.57	0.13	3.1	0.12	16.33	48.83	100
111_Gastrodia_elata	0.0	5.65	26.13	0.0	0.07	0.0	0.0	0.0	0.46	8.01	0.04	1.69	0.04	12.29	45.62	100
112_Dendrobium_catenatum	0.0	4.49	16.93	0.04	0.52	0.0	0.0	0.01	0.14	8.4	0.0	2.01	0.27	9.7	57.48	100
113_Phalaenopsis_aphrodite	0.12	4.35	23.92	0.0	0.02	0.0	0.0	0.0	0.17	8.59	0.0	2.32	0.61	13.2	46.71	100
114_Phalaenopsis_equestris	0.09	4.8	24.15	0.0	0.0	0.0	0.0	0.0	0.08	8.4	0.0	2.16	0.15	11.65	48.52	100
116_Vanilla_planifolia	0.0	5.31	23.21	0.06	0.13	0.0	0.0	0.0	0.04	3.34	0.27	4.97	0.0	17.89	44.78	100
117_Cocos_nucifera	0.0	0.88	39.68	0.0	0.14	0.0	0.03	0.06	0.06	9.24	0.0	1.94	0.7	10.81	36.47	100
118_Elaeis_guineensis	0.2	1.53	28.89	0.0	0.22	0.0	0.08	0.0	0.08	11.35	0.0	3.03	0.75	14.28	39.59	100
119_Elaeis_oleifera	0.01	2.42	31.55	0.0	0.36	0.0	0.09	0.09	0.13	10.4	0.01	2.84	1.08	13.74	37.3	100
120_Calamus_simplicifolius	0.09	4.92	23.95	0.44	0.12	0.0	0.12	0.0	0.33	11.93	0.34	2.74	0.76	16.51	37.74	100
122_Ananas_comosus	0.4	1.37	12.48	0.03	0.01	0.0	0.0	0.08	0.26	13.91	0.08	3.48	0.1	22.99	44.8	100
123_Raddia_distichophylla	0.0	2.69	19.66	0.02	0.3	0.56	0.0	0.09	1.91	23.68	0.04	1.64	0.02	11.13	38.25	100
124_Leersia_perrieri	0.0	4.05	16.31	0.0	1.26	1.02	0.0	0.0	5.26	43.26	0.01	2.38	0.02	18.77	7.66	100
125_Oryza_barthii	0.0	2.94	11.74	0.0	1.45	0.88	0.0	0.0	12.45	49.23	0.01	2.04	0.13	16.69	2.44	100
126_Oryza_brachyantha	0.0	0.98	9.13	0.0	0.67	0.19	0.0	0.0	13.57	51.78	0.0	1.98	0.05	16.37	5.28	100
127_Oryza_glaberrima	0.0	2.67	12.71	0.0	1.16	0.8	0.0	0.0	11.91	48.0	0.16	2.06	0.03	17.7	2.79	100
128_Oryza_glumipatula	0.0	2.66	13.21	0.0	0.94	0.87	0.04	0.0	12.18	47.56	0.0	2.14	0.02	18.66	1.72	100
129_Oryza_longistaminata	0.0	2.87	13.49	0.0	1.64	0.74	0.0	0.0	12.07	46.92	0.04	2.08	0.07	18.03	2.04	100
130_Oryza_meridionalis	0.0	2.58	14.16	0.0	1.34	0.86	0.01	0.0	11.67	47.65	0.0	2.03	0.03	17.42	2.25	100
131_Oryza_meyeriana_var._granulata	0.0	1.2	37.0	0.0	0.33	0.13	0.0	0.0	5.89	30.3	0.14	1.71	0.08	12.05	11.16	100
132_Oryza_punctata	0.0	2.0	21.76	0.0	1.14	0.86	0.0	0.0	7.45	43.92	0.0	2.26	0.01	17.4	3.2	100
133_Oryza_rufipogon	0.0	2.45	17.01	0.0	0.9	0.78	0.0	0.0	9.95	47.29	0.0	1.99	0.25	17.27	2.11	100
134_Oryza_sativa	0.0	2.36	12.43	0.0	1.04	0.74	0.0	0.0	11.16	47.64	0.05	2.2	0.2	19.56	2.61	100
135_Oryza_sativa_f._spontanea	0.02	2.75	12.84	0.0	1.18	0.69	0.0	0.0	11.48	48.25	0.01	2.16	0.02	18.91	1.67	100
136_Zizania_latifolia	0.0	1.64	23.78	0.0	0.22	0.18	0.0	0.0	2.23	35.29	0.0	1.66	0.15	13.31	21.54	100
137_Brachypodium_distachyon	0.02	5.49	12.87	0.05	0.68	0.95	0.02	0.0	2.43	34.71	0.16	2.26	0.06	16.21	24.09	100
138_Dactylis_glomerata	0.0	3.33	46.51	0.0	0.15	0.78	0.0	0.0	0.59	13.44	0.0	0.53	0.03	3.6	31.03	100
139_Lolium_perenne	0.0	11.93	19.45	0.0	0.61	2.88	0.0	0.0	1.09	14.52	0.0	1.48	0.05	9.34	38.66	100
141_Hordeum_pubiflorum	0.0	2.66	54.18	0.0	0.3	0.72	0.0	0.01	0.76	13.19	0.0	0.62	0.02	4.1	23.43	100
142_Hordeum_vulgare	0.0	2.25	51.81	0.0	0.2	0.58	0.0	0.0	0.84	18.22	0.03	1.48	0.7	8.9	14.99	100
144_Aegilops_tauschii	0.0	3.12	37.63	0.0	0.11	0.48	0.0	0.05	2.47	27.94	0.09	1.25	0.36	8.49	18.02	100
145_Triticum_aestivum	0.1	3.19	38.14	0.0	0.04	0.42	0.0	0.04	2.03	25.7	0.03	1.19	0.08	7.6	21.45	100
146_Triticum_dicoccoides	0.0	2.97	40.14	0.0	0.39	0.62	0.0	0.0	1.38	25.92	0.0	1.16	0.14	7.9	19.4	100
147_Triticum_urartu	0.0	2.66	39.89	0.09	0.12	0.52	0.0	0.04	1.59	23.44	0.0	1.29	0.35	7.98	22.01	100
148_Eleusine_coracana	0.0	2.59	50.01	0.0	0.42	0.11	0.0	0.0	1.02	13.58	0.04	1.28	0.03	10.85	20.07	100
149_Eleusine_indica	0.09	4.49	37.82	0.0	0.73	0.2	0.0	0.0	1.65	18.76	0.0	1.54	0.04	11.42	23.26	100
150_Oropetium_thomaeum	0.03	3.77	15.42	0.0	1.25	0.0	0.0	0.0	3.14	18.24	0.05	2.35	0.0	24.38	31.38	100
151_Eragrostis_curvula	0.0	5.12	18.34	0.16	1.83	0.43	0.0	0.0	2.24	30.25	0.01	2.29	0.0	22.16	17.17	100
152_Eragrostis_tef	0.0	6.13	14.47	0.0	2.45	0.57	0.0	0.0	1.81	26.17	0.02	2.54	0.0	21.39	24.45	100
153_Sporobolus_alterniflorus	0.0	5.54	35.56	0.0	1.68	0.4	0.0	0.0	2.38	20.58	0.0	1.32	0.13	9.37	23.04	100
154_Zoysia_japonica	0.0	2.59	16.97	0.0	1.25	0.06	0.0	0.0	2.82	31.11	0.0	1.74	0.24	15.05	28.18	100
155_Zoysia_matrella	0.0	2.77	20.01	0.0	1.3	0.23	0.0	0.04	5.32	34.41	0.0	1.89	0.28	16.13	17.62	100
156_Zoysia_pacifica	0.0	2.77	18.93	0.0	1.32	0.08	0.03	0.0	2.29	32.52	0.0	1.66	0.39	14.2	25.8	100
157_Coix_aquatica	0.0	1.16	47.82	0.0	0.31	0.03	0.0	0.0	1.28	23.89	0.04	1.44	0.0	12.91	11.12	100
158_Miscanthus_sacchariflorus	0.0	2.74	46.09	0.0	0.7	0.26	0.0	0.0	2.8	24.23	0.0	0.96	0.16	7.48	14.58	100
159_Saccharum_hybrid_cultivar	0.06	4.46	23.8	0.0	1.19	0.24	0.0	0.0	2.77	37.05	0.02	1.78	0.05	14.87	13.72	100
160_Saccharum_spontaneum	0.0	4.51	28.94	0.0	1.08	0.41	0.0	0.05	3.49	32.93	0.0	1.73	0.19	13.72	12.96	100
161_Sorghum_bicolor	0.04	2.74	30.38	0.0	0.45	0.04	0.0	0.0	3.3	36.41	0.03	1.65	0.87	17.13	6.95	100
162_Zea_mays	0.0	2.12	47.72	0.0	0.62	0.13	0.0	0.0	3.49	22.11	0.0	1.26	0.11	10.4	12.04	100
163_Alloteropsis_semialata	0.0	3.31	27.94	0.0	0.93	0.37	0.0	0.02	2.65	29.94	0.03	1.83	0.1	13.68	19.2	100
164_Echinochloa_crus-galli	0.0	3.86	29.12	0.0	1.1	0.68	0.0	0.05	2.17	28.26	0.07	1.75	0.2	14.79	17.94	100
165_Cenchrus_americanus	0.0	2.07	45.87	0.0	0.76	0.24	0.0	0.0	0.8	16.51	0.0	1.18	0.03	8.72	23.82	100
166_Setaria_italica	0.0	3.5	23.25	0.0	0.9	0.73	0.0	0.0	1.67	32.09	0.0	2.34	0.05	18.26	17.22	100
167_Setaria_viridis	0.0	3.23	24.33	0.05	0.49	0.63	0.0	0.0	1.83	32.31	0.0	2.45	0.05	18.83	15.79	100
168_Dichanthelium_oligosanthes	0.0	1.79	34.04	0.0	0.43	0.04	0.02	0.0	1.27	21.46	0.0	1.33	0.01	10.54	29.07	100
169_Urochloa_ruziziensis	0.0	2.96	39.85	0.0	1.03	0.66	0.0	0.0	1.81	25.42	0.0	1.45	0.08	9.91	16.83	100
170_Panicum_miliaceum	0.0	2.94	28.67	0.0	0.97	0.36	0.0	0.0	1.68	22.28	0.03	2.57	0.21	21.77	18.52	100
171_Panicum_hallii	0.0	1.66	35.83	0.0	0.85	0.45	0.0	0.0	0.71	21.74	0.05	2.27	0.2	19.42	16.81	100
172_Eichhornia_paniculata	0.04	2.61	20.8	0.0	0.05	0.0	0.0	0.02	0.21	6.74	0.07	2.51	0.06	18.15	48.74	100
174_Musa_acuminata	0.0	2.35	33.4	0.0	0.59	0.0	0.0	0.27	0.07	4.82	0.02	3.43	0.14	23.88	31.04	100
175_Musa_balbisiana	0.0	2.24	31.86	0.16	0.82	0.0	0.22	0.0	0.38	7.98	0.62	3.33	0.09	25.26	27.03	100
176_Musa_itinerans	0.0	2.45	31.43	0.03	0.66	0.0	0.0	0.0	0.14	5.07	0.09	3.46	0.11	23.28	33.29	100
177_Musa_schizocarpa	0.44	2.55	36.66	0.02	0.69	0.0	0.0	0.0	0.02	6.13	0.81	3.04	0.07	22.9	26.65	100
178_Berberis_thunbergii	0.01	4.4	17.6	0.0	0.36	0.0	0.04	0.0	0.6	14.35	0.13	2.59	0.0	13.04	46.87	100
179_Eschscholzia_californica	0.2	2.92	17.86	0.15	0.87	0.0	0.03	0.38	0.93	8.73	0.06	2.74	0.42	13.02	51.68	100
180_Macleaya_cordata	0.0	2.09	12.53	0.0	0.28	0.0	0.26	0.13	0.55	12.24	0.0	3.43	0.15	16.5	51.84	100
181_Papaver_somniferum	0.0	5.36	25.74	0.0	0.23	0.0	0.06	0.07	0.26	6.58	0.01	1.76	0.18	8.22	51.53	100
182_Aquilegia_coerulea	0.0	6.06	12.92	0.0	1.23	0.0	0.04	0.03	0.82	9.77	0.11	3.61	0.21	21.84	43.35	100
183_Nelumbo_nucifera	0.0	7.88	16.49	0.0	0.79	0.0	0.13	0.02	0.14	16.82	0.01	2.34	0.05	12.34	43.01	100
184_Macadamia_integrifolia	0.0	5.97	14.64	0.03	1.78	0.0	0.07	0.38	0.19	8.06	0.12	2.99	0.32	21.37	44.08	100
185_Kalanchoe_fedtschenkoi	0.0	1.9	10.81	0.0	0.03	0.0	0.0	0.0	0.46	18.31	0.07	2.33	0.37	10.47	55.25	100
186_Sedum_album	0.02	1.85	15.58	0.17	0.21	0.0	0.06	0.04	0.53	12.03	0.08	2.19	0.14	9.77	57.34	100
188_Cissus_quadrangularis	0.0	5.66	28.09	0.0	0.04	0.0	0.0	0.0	0.28	3.38	0.01	3.76	0.13	15.08	43.56	100
189_Vitis_aestivalis	0.0	4.98	13.22	0.0	0.01	0.0	0.0	0.0	0.3	1.52	0.04	3.11	0.01	12.55	64.25	100
190_Vitis_cinerea_x_Vitis_riparia	0.0	6.15	26.79	0.0	0.25	0.0	0.0	0.0	0.42	19.04	0.03	5.86	0.02	23.59	17.85	100
191_Vitis_riparia	0.02	4.88	24.78	0.02	0.09	0.0	0.0	0.01	0.56	20.58	0.0	5.59	0.0	25.28	18.19	100
193_Vitis_vinifera	0.02	4.77	25.13	0.0	0.12	0.0	0.0	0.0	0.42	19.62	0.03	5.53	0.16	24.82	19.38	100
194_Vitis_x_labruscana_x_Vitis_vinifera	0.03	4.87	28.82	0.0	0.06	0.0	0.0	0.0	0.41	19.01	0.08	5.75	0.55	25.21	15.2	100
195_Aristotelia_chilensis	0.0	3.11	4.25	0.0	0.0	0.05	0.0	0.0	0.19	4.95	0.0	8.95	0.0	40.77	37.72	100
196_Cephalotus_follicularis	0.0	2.5	32.99	0.27	0.06	0.0	0.25	1.18	0.02	6.21	0.0	1.06	0.2	6.95	48.3	100
197_Populus_simonii	0.0	1.28	21.02	0.0	2.66	0.0	0.0	0.0	12.97	9.86	0.2	4.44	0.47	22.86	24.25	100
198_Salix_brachista	0.06	0.44	20.03	0.0	5.4	0.0	0.04	0.0	13.28	10.43	0.11	4.14	0.0	25.41	20.66	100
199_Caryocar_brasiliense	0.0	1.96	23.35	0.05	0.0	0.0	0.15	0.0	0.06	4.42	0.04	7.1	0.05	27.31	35.51	100
200_Ricinus_communis	0.18	0.59	25.9	0.07	0.26	0.0	0.0	0.0	0.32	8.25	0.6	6.13	3.89	26.45	27.35	100
201_Jatropha_curcas	0.0	3.37	22.35	0.01	0.15	0.0	0.0	0.0	0.96	10.82	0.09	4.87	0.0	25.55	31.81	100
202_Manihot_esculenta	0.36	1.59	28.66	0.01	0.04	0.0	0.0	0.0	0.06	8.93	0.0	5.23	0.0	20.57	34.55	100
203_Hevea_brasiliensis	0.1	1.03	46.61	0.0	0.08	0.0	0.0	0.0	0.07	3.66	0.01	3.54	0.0	19.72	25.19	100
205_Linum_usitatissimum	0.0	6.22	20.54	0.02	0.14	0.0	0.05	0.02	0.22	12.84	0.1	3.18	0.15	16.72	39.8	100
206_Passiflora_edulis	0.0	5.01	20.7	0.0	0.27	0.0	0.0	0.0	0.18	2.96	0.02	2.64	0.0	11.85	56.37	100
207_Rhizophora_apiculata	0.16	2.09	14.94	0.0	1.09	0.0	0.0	0.0	0.46	2.39	0.17	9.01	0.12	47.28	22.29	100
208_Populus_alba	0.0	1.21	20.58	0.05	2.54	0.0	0.05	0.0	11.66	10.44	0.04	5.02	0.2	26.5	21.71	100
209_Populus_euphratica	0.05	0.65	29.46	0.0	2.19	0.0	0.0	0.09	9.16	7.92	0.09	5.12	0.04	25.18	20.05	100
210_Populus_trichocarpa	0.0	0.96	22.41	0.0	2.62	0.0	0.03	0.0	15.29	9.95	0.02	4.43	0.84	22.17	21.26	100
212_Glycine_tomentella	0.0	2.17	24.34	0.0	0.87	0.0	0.46	0.02	0.12	12.36	0.02	5.12	0.0	23.96	30.56	100
213_Carpinus_fangiana	0.0	3.79	14.32	0.03	0.23	0.0	0.0	0.08	0.24	10.38	0.03	4.26	0.04	23.98	42.62	100
214_Chamaecrista_fasciculata	0.0	3.23	15.15	0.01	0.88	0.0	0.0	0.0	0.91	14.91	0.03	2.98	0.02	17.68	44.19	100
215_Vachellia_collinsii	0.0	3.17	11.89	0.0	0.31	0.0	0.03	0.03	0.85	12.46	0.02	3.24	0.36	19.16	48.48	100
216_Mimosa_pudica	0.0	2.67	8.24	0.0	1.85	0.0	0.0	0.0	0.6	8.39	0.02	2.51	0.05	12.56	63.12	100
217_Prosopis_alba	0.01	1.12	11.27	0.0	0.23	0.0	0.0	0.0	0.58	9.5	0.04	3.38	0.04	16.67	57.17	100
218_Cercis_canadensis	0.02	2.17	16.92	0.02	0.18	0.0	0.0	0.0	0.96	8.51	0.03	4.41	0.29	20.22	46.26	100
219_Nissolia_schottii	0.0	2.48	15.37	0.0	0.31	0.0	0.28	0.16	0.29	11.17	0.03	2.84	0.33	15.56	51.17	100
220_Arachis_duranensis	0.0	1.6	36.44	0.0	0.9	0.0	0.0	0.03	0.55	10.39	0.0	3.89	0.05	15.64	30.51	100
221_Arachis_hypogaea	0.0	1.51	33.6	0.09	0.98	0.0	0.06	0.06	0.39	10.23	0.02	4.16	0.0	19.47	29.45	100
222_Arachis_ipaensis	0.0	1.84	39.99	0.0	0.69	0.0	0.0	0.0	0.28	9.51	0.0	3.66	0.0	15.05	28.98	100
223_Arachis_monticola	0.0	1.69	34.49	0.12	0.68	0.0	0.0	0.49	0.34	10.45	0.04	4.32	0.0	20.15	27.23	100
224_Lupinus_angustifolius	0.0	3.2	20.99	0.0	1.39	0.0	0.0	0.0	0.45	12.19	0.07	2.2	0.08	10.79	48.66	100
225_Cicer_arietinum	0.0	2.62	22.42	0.0	0.06	0.0	0.03	0.06	0.23	12.8	0.05	3.76	1.05	17.65	39.27	100
226_Cicer_echinospermum	0.0	2.47	24.17	0.02	0.11	0.0	0.04	0.09	0.66	15.3	0.02	4.07	1.55	19.32	32.19	100
227_Cicer_reticulatum	0.0	3.46	20.07	0.0	0.11	0.0	0.0	0.0	0.15	15.64	0.01	3.89	0.27	17.17	39.22	100
229_Vicia_faba	0.09	3.41	12.58	0.07	0.52	0.0	0.1	0.06	0.86	8.94	0.04	6.17	0.05	27.78	39.33	100
230_Medicago_truncatula	0.24	6.57	14.9	0.0	2.46	0.0	0.0	0.14	2.04	25.15	0.07	3.12	0.2	15.03	30.09	100
233_Trifolium_subterraneum	0.01	3.79	16.9	0.02	1.58	0.0	0.0	0.04	2.77	18.2	0.01	2.73	0.05	12.91	40.98	100
234_Lotus_japonicus	0.0	5.15	18.43	0.0	1.03	0.0	0.0	0.0	0.97	16.08	0.0	3.57	0.25	15.53	38.97	100
235_Abrus_precatorius	0.0	2.63	15.3	0.0	0.14	0.0	0.0	0.07	0.47	7.59	0.23	7.12	0.03	27.78	38.62	100
236_Cajanus_cajan	0.18	1.34	20.1	0.5	0.11	0.0	0.13	0.0	0.47	9.24	0.01	3.32	0.4	16.48	47.72	100
237_Glycine_max	0.0	2.38	24.11	0.02	0.89	0.0	0.06	0.0	0.33	12.75	0.02	5.36	0.77	24.36	28.96	100
238_Glycine_soja	0.07	1.71	30.04	0.0	0.36	0.01	0.34	0.0	0.25	10.53	0.02	4.33	0.35	19.47	32.51	100
239_Mucuna_pruriens	0.0	1.48	15.38	0.15	0.23	0.0	0.13	0.0	0.05	6.7	0.0	5.58	0.17	20.83	49.3	100
241_Phaseolus_vulgaris	0.07	3.37	23.83	0.0	0.03	0.0	0.0	0.0	0.54	6.18	0.0	4.82	0.12	19.1	41.95	100
242_Spatholobus_suberectus	0.0	1.85	13.87	0.07	0.68	0.0	0.02	0.0	0.53	19.49	0.04	3.48	0.0	16.62	43.34	100
243_Vigna_angularis	0.0	0.7	20.52	0.04	0.08	0.0	0.0	0.04	0.16	7.09	0.05	4.38	0.07	17.73	49.14	100
244_Vigna_radiata	0.0	0.45	22.58	0.0	0.04	0.0	0.0	0.0	0.14	6.75	0.04	5.0	0.06	21.39	43.55	100
245_Vigna_unguiculata	0.0	0.64	20.12	0.0	0.1	0.0	0.0	0.1	0.81	14.51	0.06	4.65	0.07	23.06	35.88	100
246_Quillaja_saponaria	0.02	3.55	7.56	0.0	0.11	0.0	0.0	0.02	0.28	1.5	0.05	5.74	0.25	25.38	55.54	100
247_Cannabis_sativa	0.03	4.95	29.23	0.0	0.11	0.0	0.04	0.07	0.08	6.89	0.0	3.73	0.03	20.48	34.38	100
248_Humulus_lupulus	0.0	1.78	36.83	0.03	0.06	0.0	0.0	0.16	0.27	6.74	0.0	2.12	0.0	10.62	41.38	100
249_Parasponia_andersonii	0.0	1.0	18.24	0.0	0.02	0.0	0.0	0.18	0.45	7.93	0.0	4.88	0.12	28.01	39.15	100
250_Trema_orientale	0.0	0.99	12.94	0.0	0.02	0.02	0.0	0.21	0.49	11.41	0.0	5.04	0.05	26.92	41.91	100
251_Artocarpus_camansi	0.0	0.87	27.42	0.09	0.05	0.0	0.0	0.0	0.06	6.97	0.05	4.34	0.07	21.96	38.12	100
252_Ficus_carica	0.0	0.32	6.81	0.01	0.07	0.0	0.0	0.1	0.32	7.37	0.03	6.08	0.06	38.74	40.1	100
253_Ficus_erecta	0.06	1.69	9.83	0.0	0.57	0.0	0.13	0.0	0.76	14.02	0.24	6.09	0.03	39.43	27.13	100
254_Morus_notabilis	0.0	0.86	20.02	0.06	0.07	0.0	0.14	0.01	0.72	8.82	0.04	4.49	0.0	26.89	37.87	100
255_Ochetophila_trinervis	0.0	1.94	13.3	0.23	0.0	0.0	0.0	0.06	0.56	12.41	0.01	5.7	0.01	26.94	38.84	100
257_Ziziphus_jujuba	0.0	1.26	15.66	0.39	0.14	0.01	0.1	0.19	1.02	8.0	0.15	7.2	0.05	43.08	22.77	100
258_Prunus_avium	0.04	2.1	18.45	0.1	1.56	0.03	0.0	0.01	0.91	17.15	0.04	3.68	0.0	18.77	37.16	100
259_Prunus_dulcis	0.0	1.33	18.35	0.0	2.05	0.04	0.0	0.0	0.45	20.15	0.07	5.0	0.07	29.13	23.38	100
260_Prunus_mume	0.0	1.22	15.25	0.0	1.7	0.0	0.02	0.03	0.63	18.43	0.03	4.22	0.01	23.46	34.99	100
261_Prunus_persica	0.0	1.75	15.41	0.0	1.21	0.0	0.07	0.0	0.71	18.76	0.19	4.69	0.32	25.75	31.14	100
262_Prunus_yedoensis	0.0	2.35	15.96	0.05	2.02	0.01	0.04	0.08	1.08	20.65	0.16	3.92	0.16	20.51	33.02	100
263_Malus_baccata	0.01	3.0	31.21	0.0	2.81	0.1	0.0	0.0	1.18	27.51	0.05	2.88	0.03	14.39	16.83	100
264_Malus_domestica	0.0	3.28	30.23	0.0	2.92	0.11	0.01	0.01	1.66	28.5	0.06	2.86	0.03	14.27	16.06	100
265_Pyrus_betulifolia	0.0	2.38	23.59	0.13	3.32	0.16	0.0	0.0	1.51	28.91	0.08	3.44	0.0	19.35	17.13	100
266_Pyrus_x_bretschneideri	0.04	2.01	24.93	0.0	3.15	0.12	0.0	0.0	1.41	29.0	0.11	3.32	0.02	18.61	17.26	100
267_Pyrus_ussuriensis_x_Pyrus_communis	0.0	2.59	26.48	0.0	4.08	0.15	0.0	0.0	1.43	27.56	0.05	3.52	0.01	19.89	14.25	100
268_Dryas_drummondii	0.0	1.45	11.83	0.0	0.61	0.0	0.09	0.09	0.28	19.42	0.08	4.43	0.55	26.01	35.16	100
269_Purshia_tridentata	0.0	2.2	11.87	0.0	0.22	0.0	0.08	0.07	0.98	16.8	0.04	5.43	0.15	27.91	34.26	100
270_Geum_urbanum	0.0	3.21	30.36	0.06	0.08	0.0	0.0	0.0	0.71	21.24	0.09	1.98	0.92	13.04	28.3	100
273_Fragaria_nubicola	0.44	4.17	19.52	0.0	1.43	0.01	0.0	0.0	1.06	26.36	0.03	3.37	0.28	19.46	23.85	100
274_Fragaria_orientalis	0.78	4.41	20.11	0.01	1.3	0.05	0.0	0.17	1.0	26.02	0.03	2.77	0.34	15.27	27.74	100
275_Fragaria_vesca	0.08	4.45	13.46	0.18	1.71	0.07	0.39	0.0	0.56	24.31	0.05	4.74	0.23	25.9	23.87	100
276_Fragaria_x_ananassa	0.33	3.63	31.66	0.0	1.3	0.0	0.11	0.0	0.3	23.67	0.01	2.18	0.09	12.07	24.64	100
277_Rosa_chinensis	0.02	4.67	19.46	0.0	0.78	0.0	0.0	0.04	0.6	18.05	0.05	3.53	0.3	20.94	31.58	100
278_Rosa_lucieae	0.02	3.32	30.76	0.03	0.53	0.0	0.0	0.01	0.64	17.16	0.25	2.33	0.42	14.26	30.27	100
280_Rosa_x_damascena	0.05	4.85	29.03	0.03	0.63	0.0	0.0	0.0	0.57	18.35	0.01	2.67	0.3	14.99	28.51	100
281_Boehmeria_nivea	0.0	1.13	10.44	0.0	0.14	0.01	0.0	0.0	0.34	6.79	0.04	5.08	0.03	29.5	46.49	100
282_Begonia_fuchsioides	0.0	3.69	24.33	0.0	0.04	0.0	0.0	0.0	0.23	12.69	0.41	3.41	0.29	17.18	37.73	100
283_Benincasa_hispida	0.0	2.19	38.62	0.0	0.34	0.0	0.0	0.27	0.0	10.77	0.04	3.07	0.35	14.24	30.12	100
284_Citrullus_lanatus	0.0	1.66	14.98	0.0	0.62	0.0	0.14	0.0	0.03	5.69	0.04	3.98	0.31	19.57	52.97	100
285_Cucumis_melo	0.13	1.48	14.93	0.0	0.39	0.0	0.0	0.06	0.25	12.63	0.13	4.38	0.23	19.89	45.5	100
286_Cucumis_sativus	0.0	3.77	13.51	0.05	0.63	0.0	0.0	0.04	0.23	8.55	0.1	6.8	0.37	27.01	38.94	100
287_Lagenaria_siceraria	0.0	2.51	11.53	0.0	0.98	0.0	0.0	0.0	0.1	9.34	0.09	3.63	0.21	19.94	51.66	100
288_Cucurbita_argyrosperma	0.0	1.34	26.75	0.0	2.62	0.02	0.0	0.0	0.32	4.11	0.96	5.73	0.05	30.08	28.01	100
290_Cucurbita_moschata	0.0	1.37	28.52	0.0	4.57	0.0	0.0	0.16	0.81	4.12	0.51	4.79	0.23	26.05	28.86	100
292_Momordica_charantia	0.2	3.17	8.02	0.0	0.46	0.0	0.0	0.0	0.04	1.85	0.24	4.32	0.17	17.26	64.26	100
293_Datisca_glomerata	0.0	3.97	23.58	0.0	0.27	0.0	0.03	0.04	0.91	13.44	0.48	2.23	0.49	9.46	45.1	100
294_Alnus_glutinosa	0.05	4.3	15.02	0.0	0.45	0.0	0.0	0.27	0.24	7.92	0.03	3.47	0.14	20.46	47.66	100
295_Betula_nana	0.0	3.78	12.23	0.0	0.08	0.04	0.01	0.0	0.31	9.57	0.06	3.89	0.01	20.91	49.11	100
296_Betula_pendula	0.06	4.64	12.19	0.03	0.04	0.03	0.0	0.03	0.34	7.49	0.06	4.01	0.05	20.0	51.03	100
297_Casuarina_equisetifolia	0.0	4.65	20.32	0.11	0.15	0.0	0.0	0.13	1.75	2.64	0.48	5.23	0.05	23.52	40.96	100
298_Casuarina_glauca	0.02	4.6	14.6	0.0	0.05	0.0	0.0	0.01	1.58	0.07	0.34	4.69	0.0	20.08	53.96	100
299_Castanea_mollissima	0.0	3.28	15.03	0.0	0.35	0.0	0.0	0.08	0.66	10.21	0.05	3.87	0.07	25.22	41.2	100
300_Fagus_sylvatica	0.01	3.3	10.62	0.05	0.82	0.0	0.0	0.01	0.56	7.78	0.15	4.37	0.17	26.67	45.47	100
301_Quercus_lobata	0.03	3.5	8.95	0.0	0.15	0.0	0.82	0.0	0.66	8.71	0.21	3.94	0.03	26.43	46.57	100
302_Quercus_robur	0.42	3.13	10.48	0.01	0.17	0.0	0.51	0.01	0.61	9.5	0.02	3.88	0.09	25.06	46.11	100
303_Quercus_suber	0.14	3.43	9.78	0.07	0.56	0.0	0.18	0.0	0.28	8.33	0.02	4.02	0.2	26.94	46.05	100
304_Juglans_cathayensis	0.0	5.21	11.18	0.0	0.38	0.0	0.01	0.18	0.34	9.29	0.0	2.76	0.07	18.57	52.01	100
305_Juglans_hindsii	0.07	4.97	11.73	0.03	0.44	0.0	0.05	0.0	0.38	7.97	0.08	2.78	0.09	20.15	51.27	100
306_Juglans_mandshurica	0.0	6.38	11.2	0.0	0.37	0.0	0.0	0.07	0.39	7.19	0.0	3.12	0.18	20.25	50.86	100
307_Juglans_microcarpa	0.04	5.4	11.83	0.0	0.38	0.0	0.0	0.05	0.24	8.0	0.11	2.88	0.01	19.64	51.44	100
308_Juglans_microcarpa_x_Juglans_regia	0.0	6.1	10.83	0.0	0.54	0.0	0.03	0.13	0.42	9.02	0.0	3.18	0.18	22.55	47.0	100
309_Juglans_nigra	0.11	5.16	13.29	0.07	0.59	0.0	0.0	0.07	0.28	7.3	0.13	2.76	0.01	18.81	51.43	100
310_Juglans_regia	0.0	4.83	11.19	0.04	0.39	0.0	0.0	0.08	0.27	7.75	1.4	2.79	0.71	19.85	50.7	100
311_Juglans_sigillata	0.0	5.61	12.75	0.0	0.39	0.0	0.0	0.01	0.3	7.8	0.0	2.81	0.13	18.78	51.44	100
312_Pterocarya_stenoptera	0.0	6.16	11.62	0.0	0.47	0.0	0.0	0.07	0.88	8.23	0.18	3.0	0.17	18.68	50.53	100
313_Morella_rubra	0.02	2.57	12.98	0.13	0.5	0.0	0.1	0.08	0.91	11.5	0.08	3.77	0.01	18.31	49.04	100
314_Punica_granatum	0.04	1.69	12.13	0.05	1.08	0.04	0.08	0.0	0.62	7.72	0.05	3.0	0.3	20.76	52.45	100
316_Eucalyptus_grandis	0.0	2.5	21.05	0.0	0.62	0.0	0.01	0.0	0.95	21.57	0.02	2.85	0.17	18.51	31.76	100
317_Eucalyptus_melliodora	0.0	2.09	19.81	0.0	0.47	0.02	0.04	0.08	1.01	22.2	0.3	3.25	0.19	21.08	29.46	100
318_Eucalyptus_pauciflora	0.0	1.79	20.67	0.0	1.05	0.0	0.09	0.05	1.38	26.44	0.15	3.29	0.17	19.0	25.93	100
319_Gossypium_darwinii	0.0	1.49	51.18	0.0	0.0	0.0	0.0	0.0	0.35	8.41	0.06	3.51	0.06	12.31	22.62	100
320_Gossypium_mustelinum	0.0	1.35	53.8	0.0	0.0	0.0	0.0	0.0	0.09	7.36	0.02	3.28	0.0	11.58	22.53	100
321_Gossypium_tomentosum	0.0	2.16	52.27	0.0	0.06	0.03	0.0	0.0	0.09	6.7	0.11	3.61	0.0	12.25	22.73	100
322_Gossypium_turneri	0.0	2.12	39.97	0.0	0.01	0.0	0.0	0.0	0.63	10.65	0.03	3.9	0.0	16.23	26.46	100
323_Metrosideros_polymorpha	0.01	1.52	15.39	0.0	0.47	0.03	0.0	0.05	0.51	28.54	0.34	2.35	0.12	15.05	35.63	100
324_Rhodamnia_argentea	0.01	1.85	15.12	0.0	0.51	0.0	0.0	0.01	1.04	26.76	0.42	2.92	0.18	21.2	29.98	100
326_Psidium_guajava	0.0	2.59	20.42	0.0	0.61	0.0	0.0	0.15	0.65	23.94	0.24	2.55	0.68	14.68	33.49	100
327_Syzygium_oleosum	0.02	1.78	20.76	0.03	0.58	0.0	0.0	0.0	0.63	28.02	0.12	2.78	0.07	17.57	27.65	100
329_Azadirachta_indica	0.0	1.33	16.69	0.02	0.04	0.0	0.0	0.0	1.12	9.69	0.12	5.56	0.02	30.4	35.0	100
330_Atalantia_buxifolia	0.0	2.71	17.28	0.11	0.17	0.0	0.13	0.27	0.58	12.13	0.04	3.63	0.01	20.39	42.55	100
331_Citrus_cavaleriei	0.0	1.98	19.16	0.0	0.41	0.0	0.0	0.21	0.75	12.0	0.01	4.11	0.03	21.4	39.94	100
332_Citrus_clementina	0.0	2.04	17.24	0.03	0.15	0.0	0.08	0.3	0.88	12.99	0.02	3.99	0.08	22.27	39.93	100
333_Citrus_hindsii	0.0	1.82	17.21	0.02	0.36	0.0	0.06	0.34	0.89	13.82	0.11	4.51	0.14	23.72	36.98	100
334_Citrus_maxima	0.0	1.93	18.84	0.27	0.16	0.0	0.04	0.13	0.82	11.73	0.35	4.22	0.24	23.81	37.46	100
335_Citrus_medica	0.01	1.52	24.59	0.0	0.1	0.0	0.07	0.27	0.67	11.44	0.02	4.29	0.0	23.01	34.0	100
336_Citrus_reticulata	0.29	1.67	12.08	0.0	0.0	0.0	0.0	0.0	0.93	3.05	0.03	3.63	0.08	18.84	59.4	100
337_Citrus_sinensis	0.05	1.63	21.03	0.07	0.11	0.0	0.02	0.09	0.86	11.47	0.04	3.41	0.14	17.95	43.12	100
338_Citrus_unshiu	0.0	2.15	19.89	0.0	0.17	0.05	0.0	0.21	0.93	9.85	0.01	3.97	0.26	20.2	42.31	100
339_Citrus_x_paradisi_x_Citrus_trifoliata	0.06	2.46	24.58	0.01	0.12	0.0	0.0	0.02	0.69	11.09	0.01	3.54	0.01	16.47	40.95	100
340_Acer_yangbiense	0.05	2.41	20.47	0.0	0.28	0.0	0.0	0.14	0.41	13.44	0.0	3.78	0.0	25.46	33.56	100
341_Xanthoceras_sorbifolium	0.0	3.3	17.76	0.08	0.31	0.0	0.0	0.18	0.21	10.08	0.03	3.37	0.09	20.9	43.69	100
342_Herrania_umbratica	0.0	1.24	23.91	0.17	0.0	0.0	0.0	0.0	0.22	9.02	0.0	5.23	0.0	20.17	40.04	100
344_Corchorus_capsularis	0.0	2.93	18.32	0.0	0.02	0.0	0.06	0.0	0.57	12.64	0.12	4.21	0.16	20.21	40.75	100
345_Corchorus_olitorius	0.0	2.93	18.82	0.0	0.03	0.0	0.0	0.02	0.69	9.3	0.08	4.21	0.14	19.34	44.44	100
346_Durio_zibethinus	0.0	2.64	18.92	0.0	0.04	0.0	0.0	0.21	1.76	6.63	0.36	6.62	0.33	25.5	36.98	100
347_Gossypioides_kirkii	0.07	2.67	25.46	0.0	0.05	0.0	0.0	0.02	0.39	10.89	0.1	3.96	0.02	14.75	41.61	100
348_Gossypium_arboreum	0.0	0.97	52.25	0.0	0.05	0.0	0.0	0.0	0.0	4.69	0.07	2.88	0.0	10.99	28.11	100
349_Gossypium_barbadense	0.0	1.37	47.97	0.0	0.0	0.0	0.0	0.07	0.04	7.31	0.07	3.06	0.0	10.82	29.31	100
350_Gossypium_hirsutum	0.0	1.54	48.93	0.0	0.07	0.0	0.11	0.06	0.06	6.86	0.04	3.24	0.0	11.24	27.84	100
351_Gossypium_raimondii	0.01	1.69	37.29	0.0	0.38	0.0	0.04	0.08	0.19	9.8	0.08	3.58	0.01	13.92	32.93	100
352_Gossypium_thurberi	0.0	1.71	40.55	0.0	0.16	0.0	0.0	0.0	0.02	8.46	0.04	2.93	0.0	10.35	35.79	100
353_Hibiscus_syriacus	0.05	2.19	27.25	0.0	0.49	0.0	0.04	0.07	0.17	9.58	0.0	2.48	0.47	10.67	46.55	100
354_Kokia_drynarioides	0.0	2.43	28.61	0.06	0.22	0.0	0.02	0.0	0.15	8.2	0.01	4.0	0.0	15.16	41.14	100
355_Aquilaria_agallochum	0.0	2.75	25.92	0.0	0.11	0.08	0.0	0.17	0.4	13.51	0.04	2.33	0.04	11.84	42.81	100
356_Aquilaria_sinensis	0.14	2.36	20.06	0.05	0.17	0.08	0.02	0.0	0.27	12.13	0.04	2.49	0.0	12.59	49.6	100
357_Aethionema_arabicum	0.0	1.33	16.29	0.23	0.28	0.0	0.33	0.16	0.92	15.84	0.0	6.8	0.07	29.24	28.5	100
358_Arabis_alpina	0.0	4.87	19.46	0.03	1.11	0.09	0.02	0.08	4.18	16.87	0.08	3.5	0.28	14.92	34.5	100
360_Arabis_nordmanniana	0.0	4.45	23.23	0.0	1.41	0.07	0.02	0.1	1.45	15.48	0.0	5.16	0.08	23.42	25.13	100
361_Aurinia_saxatilis	0.1	6.99	28.4	0.0	0.69	0.1	0.02	0.03	1.55	13.69	0.03	2.35	0.16	12.07	33.83	100
362_Odontarrhena_argentea	0.0	4.63	11.33	0.0	1.23	0.1	0.12	0.13	1.73	12.76	0.03	5.36	0.12	28.09	34.37	100
363_Anastatica_hierochuntica	0.0	5.63	33.89	0.07	1.18	0.15	0.12	0.0	1.67	17.05	0.07	2.85	0.06	12.05	25.22	100
364_Biscutella_auriculata	0.0	3.43	19.37	0.32	0.35	0.18	0.0	0.0	0.53	21.67	0.01	3.05	0.02	12.45	38.61	100
365_Biscutella_laevigata	0.0	3.27	19.6	0.0	0.84	0.03	0.0	0.0	0.76	18.28	0.0	2.73	0.06	11.73	42.7	100
366_Boechera_puberula	0.0	4.02	20.69	0.05	0.48	0.03	0.0	0.11	2.69	17.74	0.02	5.41	0.05	25.5	23.22	100
367_Boechera_stricta	0.0	3.33	17.45	0.0	0.59	0.0	0.06	0.04	2.35	16.62	0.03	5.89	0.07	27.72	25.85	100
368_Schrenkiella_parvula	0.0	3.85	15.35	0.0	1.11	0.07	0.17	0.04	2.48	12.95	0.03	9.58	0.0	35.96	18.41	100
369_Brassica_cretica	0.0	4.79	23.3	0.0	1.28	0.02	0.0	0.0	1.34	18.12	0.0	3.08	0.49	15.08	32.48	100
370_Brassica_juncea	0.11	3.52	16.37	0.03	1.63	0.02	0.01	0.03	1.4	16.86	0.07	4.95	0.18	21.22	33.59	100
371_Brassica_napus	0.0	4.96	17.15	0.06	1.68	0.04	0.0	0.38	1.27	19.7	0.2	4.11	0.01	18.55	31.89	100
372_Brassica_nigra	0.0	3.52	17.63	0.0	0.99	0.02	0.0	0.02	1.36	17.6	0.03	4.88	0.0	21.84	32.11	100
373_Brassica_oleracea	0.0	5.18	18.97	0.0	1.21	0.02	0.0	0.02	0.88	17.48	0.05	3.44	0.17	16.15	36.44	100
374_Brassica_rapa	0.02	4.96	10.78	0.0	1.67	0.02	0.01	0.0	1.12	16.56	0.15	4.35	0.24	19.15	40.97	100
375_Erucastrum_elatum	0.0	5.38	11.53	0.04	2.07	0.17	0.0	0.0	3.37	18.76	0.03	4.99	0.23	22.14	31.28	100
376_Raphanus_raphanistrum	0.02	5.26	11.73	0.07	2.22	0.07	0.0	0.0	1.27	17.5	0.02	5.17	0.5	22.24	33.92	100
377_Raphanus_sativus	0.0	4.83	11.23	0.0	1.66	0.08	0.0	0.04	1.22	18.33	0.02	4.99	0.36	21.57	35.67	100
378_Arabidopsis_halleri	0.0	4.73	12.03	0.07	1.62	0.29	0.0	0.0	9.07	23.04	0.04	5.76	0.31	23.62	19.4	100
379_Arabidopsis_lyrata	0.0	4.06	11.53	0.0	1.4	0.24	0.0	0.0	11.2	19.82	0.06	6.88	0.14	30.97	13.68	100
380_Arabidopsis_thaliana	0.0	2.9	9.67	0.63	1.08	0.06	0.0	0.0	7.01	13.14	0.13	11.06	0.85	44.56	8.92	100
381_Camelina_sativa	0.01	4.58	16.91	0.0	0.44	0.06	0.0	0.02	6.97	13.75	0.0	5.82	0.38	29.42	21.63	100
382_Capsella_bursa-pastoris	0.07	4.25	9.68	0.0	1.06	0.06	0.16	0.05	5.03	13.72	0.0	8.56	1.54	38.64	17.18	100
383_Capsella_rubella	0.02	3.06	9.62	0.0	1.05	0.04	0.0	0.0	5.59	13.06	0.04	8.93	1.46	42.18	14.94	100
384_Barbarea_vulgaris	0.0	3.87	15.42	0.0	0.94	0.03	0.03	0.03	3.28	13.16	0.0	7.6	0.11	34.36	21.18	100
385_Leavenworthia_alabamica	0.14	3.87	16.91	0.0	1.51	0.03	0.0	0.02	1.62	18.71	0.01	7.32	0.2	30.02	19.63	100
386_Nasturtium_officinale	0.0	3.03	17.39	0.0	0.39	0.0	0.0	0.0	0.53	13.26	0.13	8.19	0.0	41.8	15.28	100
387_Noccaea_caerulescens	0.3	2.41	19.24	0.0	0.77	0.0	0.0	0.0	2.6	13.84	0.02	7.28	0.0	35.4	18.13	100
388_Noccaea_goesingensis	0.0	4.83	13.83	0.02	1.42	0.3	0.02	0.04	2.37	12.67	0.04	6.02	0.18	26.46	31.79	100
389_Raparia_bulbosa	0.0	3.23	15.5	0.0	1.11	0.23	0.0	0.0	1.96	12.74	0.03	7.22	0.07	38.04	19.87	100
390_Conringia_planisiliqua	0.0	2.37	20.09	0.0	1.15	0.0	0.09	0.05	1.43	10.41	0.35	7.26	0.05	31.67	25.08	100
391_Cochlearia_officinalis	0.0	1.83	8.59	0.08	0.79	0.05	0.0	0.03	2.45	26.24	0.11	4.29	0.41	20.37	34.77	100
392_Crucihimalaya_himalaica	0.0	3.89	20.61	0.0	0.5	0.03	0.0	0.16	3.33	21.3	0.02	4.51	0.15	21.5	24.0	100
393_Erysimum_cheiri	0.0	4.58	12.0	0.0	1.83	0.18	0.0	0.02	4.72	13.77	0.03	8.26	0.27	37.01	17.34	100
394_Erysimum_pusillum	0.0	3.94	10.82	0.0	1.16	0.03	0.21	0.0	4.02	11.89	0.06	10.16	0.11	42.89	14.71	100
395_Euclidium_syriacum	0.0	4.58	20.54	0.0	1.14	0.0	0.02	0.0	3.1	13.4	0.2	5.49	0.17	22.29	29.05	100
396_Eutrema_heterophyllum	0.09	3.82	24.48	0.0	0.86	0.12	0.0	0.0	2.71	18.79	0.03	3.49	0.19	15.35	30.07	100
397_Eutrema_salsugineum	0.0	3.25	23.09	0.0	0.62	0.0	0.19	0.0	2.57	12.77	0.02	6.03	0.21	26.5	24.75	100
398_Eutrema_yunnanense	0.0	3.0	33.17	0.07	1.14	0.06	0.04	0.0	2.93	19.28	0.16	3.06	0.05	13.86	23.16	100
400_Iberis_amara	0.04	7.06	16.56	0.05	1.05	0.04	0.0	0.03	1.53	20.44	0.0	3.17	0.02	15.15	34.87	100
401_Iberis_pinnata	0.0	6.22	28.72	0.0	0.99	0.07	0.0	0.0	0.75	21.39	0.0	2.58	0.18	12.68	26.41	100
402_Isatis_lusitanica	0.0	3.67	19.74	0.0	0.61	0.12	0.05	0.0	2.94	12.75	0.0	7.16	0.0	28.24	24.72	100
403_Isatis_tinctoria	0.0	5.01	17.8	0.0	1.01	0.13	0.0	0.0	2.8	15.04	0.0	5.49	0.02	23.34	29.37	100
404_Kernera_saxatilis	0.0	3.99	11.32	0.0	0.7	0.24	0.06	0.0	1.56	14.06	0.12	9.8	0.0	42.6	15.54	100
405_Lepidium_africanum	0.0	5.91	19.8	0.0	0.31	0.0	0.0	0.0	4.1	19.25	0.0	4.69	0.0	20.81	25.13	100
406_Lepidium_aucheri	0.0	4.65	26.16	0.0	0.26	0.0	0.0	0.0	4.71	18.16	0.0	3.49	0.01	15.02	27.55	100
410_Sisymbrium_altissimum	0.0	3.91	18.24	0.0	0.65	0.05	0.0	0.0	1.7	13.9	0.0	8.42	0.0	34.99	18.16	100
411_Sisymbrium_irio	0.0	3.05	21.9	0.0	0.32	0.01	0.0	0.0	1.35	10.92	0.0	4.81	0.08	18.8	38.76	100
412_Macropodium_nivale	0.0	3.9	27.83	0.0	0.42	0.27	0.0	0.0	1.45	13.61	0.05	4.87	0.07	23.69	23.85	100
413_Pseudoturritis_turrita	0.0	4.88	23.76	0.0	1.19	0.24	0.17	0.0	1.3	19.4	0.22	4.84	0.0	21.49	22.51	100
414_Turritis_glabra	0.0	4.08	19.03	0.0	0.49	0.06	0.0	0.0	4.36	16.81	0.0	8.1	0.07	37.81	9.19	100
415_Thlaspi_arvense	0.06	1.86	38.37	0.0	0.21	0.03	0.05	0.0	2.36	8.39	0.04	3.84	0.28	16.34	28.17	100
416_Carica_papaya	0.0	4.66	30.14	0.1	0.05	0.0	0.0	0.08	0.03	5.74	0.17	5.02	1.18	31.11	21.72	100
417_Tarenaya_hassleriana	0.0	1.81	26.11	0.0	0.65	0.0	0.0	0.0	0.15	12.88	0.12	4.02	0.08	31.34	22.84	100
418_Santalum_album	0.04	3.28	7.99	0.0	0.57	0.0	0.0	0.0	0.24	7.76	0.39	5.19	0.0	28.89	45.66	100
419_Amaranthus_hypochondriacus	0.0	7.3	8.94	0.01	0.77	0.0	0.01	0.0	0.26	8.84	0.0	2.81	0.04	11.99	59.03	100
421_Carnegiea_gigantea	0.0	4.1	29.79	0.0	0.85	0.06	0.07	0.14	0.46	13.74	0.02	2.52	0.08	16.37	31.79	100
422_Lophocereus_schottii	0.58	4.42	30.81	0.0	1.01	0.0	0.0	0.0	1.17	11.14	0.0	2.23	0.17	11.47	37.01	100
423_Pachycereus_pringlei	0.0	4.82	28.82	0.0	0.77	0.0	0.0	0.13	0.36	12.17	0.01	2.24	0.41	10.55	39.73	100
424_Stenocereus_thurberi	0.05	6.83	28.94	0.0	0.53	0.0	0.0	0.19	1.03	11.81	0.01	2.28	0.07	12.18	36.07	100
425_Pereskia_humboldtii	0.04	4.39	9.22	0.0	0.1	0.0	0.0	0.0	0.35	1.96	0.0	2.7	0.4	12.47	68.37	100
426_Dianthus_caryophyllus	0.04	2.32	14.36	0.0	0.52	0.05	0.0	0.16	0.78	8.93	0.0	2.73	0.07	18.02	52.02	100
427_Silene_latifolia	0.0	4.92	14.94	0.0	1.71	0.0	0.02	0.05	0.37	7.85	0.0	2.53	0.37	12.66	54.59	100
428_Beta_vulgaris	0.13	4.21	12.63	0.28	0.61	0.0	0.08	0.01	0.34	13.72	0.07	2.33	0.14	13.04	52.42	100
429_Beta_patula	0.08	3.73	15.12	0.01	0.47	0.0	0.0	0.11	0.42	10.07	0.01	2.04	0.08	9.37	58.49	100
430_Bassia_scoparia	0.03	4.33	18.31	0.06	0.06	0.0	0.0	0.1	0.63	12.77	0.06	3.55	0.68	18.66	40.75	100
431_Spinacia_oleracea	0.0	2.33	22.66	0.0	0.3	0.0	0.1	0.18	0.44	13.01	0.06	2.0	0.15	11.55	47.22	100
432_Chenopodium_pallidicaule	0.0	2.43	16.14	0.04	0.23	0.0	0.0	0.12	0.02	14.73	0.22	3.84	0.4	19.78	42.06	100
433_Chenopodium_quinoa	0.0	2.11	18.75	0.01	0.18	0.0	0.03	0.0	0.09	12.63	0.07	3.63	0.67	20.88	40.95	100
434_Chenopodium_suecicum	0.1	3.18	18.99	0.04	0.06	0.0	0.04	0.77	0.1	11.5	0.05	3.24	0.59	20.36	40.98	100
435_Drosera_capensis	0.16	2.37	18.58	0.0	0.62	0.0	0.0	0.0	0.26	4.57	0.11	3.93	1.08	19.06	49.25	100
436_Fagopyrum_esculentum	0.0	3.86	38.15	0.35	0.66	0.17	0.02	0.0	1.15	9.32	0.52	1.81	0.03	8.55	35.4	100
437_Fagopyrum_tataricum	0.0	5.23	20.12	0.0	0.16	0.0	0.0	0.03	0.35	10.59	0.77	2.71	0.06	15.54	44.44	100
438_Nyssa_sinensis	0.0	7.44	17.7	0.0	0.63	0.0	0.04	0.77	0.21	19.16	0.02	2.91	0.82	22.55	27.74	100
