#LTR_loc        Category        Motif   TSD     5_TSD 3_TSD       Internal        Similarity      Strand  SuperFamily  TE_type     Insertion_Time
MEHO01000029.1:2712..7168	pass	motif:TGCA	TSD:TAAAC	2707..2711	7169..7173	IN:2874..7006	0.99383	+	unknown	LTR	238289
MEHO01000035.1:988..6401	pass	motif:TGCA	TSD:CGTAG	983..987	6402..6406	IN:1301..6088	0.96805	+	Gypsy	LTR	1255789
MEHO01000074.1:1087..6055	pass	motif:TGCA	TSD:ATATG	1082..1086	6056..6060	IN:1310..5832	1	-	unknown	LTR	0
MEHO01000248.1:171..5547	pass	motif:TGCA	TSD:GCGTG	166..170	5548..5552	IN:440..5277	0.98148	-	Gypsy	LTR	721250
MEHO01001425.1:608..5409	pass	motif:TGCA	TSD:CTAGG	603..607	5410..5414	IN:823..5194	0.96744	+	unknown	LTR	1280304
MEHO01001430.1:301..5549	pass	motif:TGCA	TSD:GACTG	296..300	5550..5554	IN:563..5286	0.98099	-	Gypsy	LTR	740580
MEHO01001499.1:394..5528	pass	motif:TGCA	TSD:GGAAT	389..393	5529..5533	IN:756..5165	0.96429	-	Copia	LTR	1407236
MEHO01022225.1:714..2001	pass	motif:TGCA	TSD:ATAAT	709..713	2002..2006	IN:888..1827	0.99425	+	Copia	LTR	222006
MEHO01023295.1:142..2429	pass	motif:TGCA	TSD:GAAAA	137..141	2430..2434	IN:428..2143	0.9965	?	unknown	NA	134930
