#LTR_loc        Category        Motif   TSD     5_TSD 3_TSD       Internal        Similarity      Strand  SuperFamily  TE_type     Insertion_Time
LGRX01000397.1:11276..14633	pass	motif:TGCA	TSD:GCGAG	11271..11275	14634..14638	IN:11446..14463	0.97059	?	unknown	NA	1153929
LGRX01001135.1:21183..24307	pass	motif:TGCA	TSD:GGCC	21179..21182	24308..24311	IN:21287..24203	0.95192	+	unknown	NA	1911166
LGRX01001266.1:8556..19744	pass	motif:TGCA	TSD:TCCCA	8551..8555	19745..19749	IN:9049..19251	0.97972	+	Gypsy	LTR	790740
LGRX01001319.1:8803..13355	pass	motif:TGCA	TSD:CTGC	8799..8802	13356..13359	IN:9001..13157	0.98485	-	Copia	LTR	588658
LGRX01001479.1:3942..5889	pass	motif:TGCA	TSD:AGAAA	3937..3941	5890..5894	IN:4117..5714	0.98286	?	unknown	NA	666880
LGRX01001888.1:2269..4258	pass	motif:TGCA	TSD:TTGCG	2264..2268	4259..4263	IN:2444..4078	0.94444	+	unknown	NA	2220215
LGRX01001922.1:1591..4687	pass	motif:TGCA	TSD:CTGC	1587..1590	4688..4691	IN:1985..4303	0.95178	+	unknown	NA	1916920
LGRX01001984.1:1751..3209	pass	motif:TGCA	TSD:CAGGA	1746..1750	3210..3214	IN:1863..3097	0.96429	-	unknown	NA	1407236
LGRX01002138.1:7918..12263	pass	motif:TGCA	TSD:CCATC	7913..7917	12264..12268	IN:8354..11827	0.96101	+	Copia	LTR	1540001
LGRX01002337.1:1694..6377	pass	motif:TGCA	TSD:CATGG	1689..1693	6378..6382	IN:1907..6169	0.95305	?	unknown	NA	1864765
LGRX01003576.1:10649..14557	pass	motif:TGCA	TSD:CCTCT	10644..10648	14558..14562	IN:10954..14254	0.92787	?	unknown	NA	2916856
LGRX01005158.1:9221..12977	pass	motif:TGCA	TSD:TCGT	9217..9220	12978..12981	IN:9343..12855	0.95082	?	unknown	NA	1956408
LGRX01005705.1:4007..11986	pass	motif:TGCA	TSD:GTCCG	4002..4006	11987..11991	IN:4433..11560	0.99061	-	unknown	LTR	363434
LGRX01007876.1:470..4797	pass	motif:TGCA	TSD:GTTTA	465..469	4798..4802	IN:685..4582	0.95814	?	unknown	NA	1656675
LGRX01008517.1:7205..8556	pass	motif:TGCA	TSD:AAAC	7201..7204	8557..8560	IN:7360..8401	0.97419	?	unknown	NA	1010176
LGRX01008671.1:231..1588	pass	motif:TGCA	TSD:TAAAC	226..230	1589..1593	IN:407..1413	0.96023	?	unknown	NA	1571664
LGRX01008710.1:2688..3932	pass	motif:TGCA	TSD:AAAAC	2683..2687	3933..3937	IN:2861..3759	0.97688	?	unknown	NA	903225
LGRX01010023.1:2899..5598	pass	motif:TGCA	TSD:CATAT	2894..2898	5599..5603	IN:3077..5418	0.91209	?	unknown	NA	3596299
LGRX01010969.1:4500..7915	pass	motif:TGCA	TSD:GCAGT	4495..4499	7916..7920	IN:4695..7720	0.98974	?	unknown	NA	397339
LGRX01011524.1:5823..7798	pass	motif:TGCA	TSD:GAGGA	5818..5822	7799..7803	IN:5996..7624	0.95977	?	unknown	NA	1590353
LGRX01012845.1:5745..7712	pass	motif:TGCA	TSD:GTTCG	5740..5744	7713..7717	IN:5919..7538	0.98276	?	unknown	NA	670817
LGRX01021724.1:1677..3689	pass	motif:TGCA	TSD:AGGG	1673..1676	3690..3693	IN:1907..3459	0.92609	?	unknown	NA	2992702
LGRX01025823.1:230..2169	pass	motif:TGCA	TSD:TAACT	225..229	2170..2174	IN:405..1994	0.94857	?	unknown	NA	2049168
LGRX01026650.1:4287..6047	pass	motif:TGCA	TSD:TGCA	4283..4286	6048..6051	IN:4407..5927	0.93333	?	unknown	NA	2685441
