#LTR_loc        Category        Motif   TSD     5_TSD 3_TSD       Internal        Similarity      Strand  SuperFamily  TE_type     Insertion_Time
QAXL01000009.1:95445..107930	pass	motif:TGCA	TSD:CGCT	95441..95444	107931..107934	IN:95772..107603	0.99694	?	unknown	NA	117933
QAXL01000031.1:81630..91089	pass	motif:TGCA	TSD:CGCC	81626..81629	91090..91093	IN:81778..90941	0.91216	?	unknown	NA	3593250
QAXL01000034.1:49638..55141	pass	motif:TGCA	TSD:CGGC	49634..49637	55138..55141	IN:49780..54999	1	-	unknown	NA	0
QAXL01000210.1:27409..33655	pass	motif:TGCA	TSD:CTCC	27405..27408	33656..33659	IN:27585..33479	0.89205	?	unknown	NA	4482895
QAXL01000213.1:19180..21573	pass	motif:TGCA	TSD:GGGGG	19174..19178	21574..21578	IN:19495..21258	1	-	Copia	LTR	0
QAXL01000331.1:25495..30038	pass	motif:TGCA	TSD:CGGA	25491..25494	30039..30042	IN:25809..29724	0.95223	?	unknown	NA	1898429
QAXL01000636.1:23534..31375	pass	motif:TGCA	TSD:CAGG	23530..23533	31376..31379	IN:23805..31103	0.90942	+	unknown	NA	3712862
QAXL01000787.1:20718..23019	pass	motif:TGCA	TSD:TTGCT	20713..20717	23020..23024	IN:20923..22814	0.97561	?	unknown	NA	953669
QAXL01000811.1:10669..13128	pass	motif:TGCA	TSD:GGGCG	10664..10668	13129..13133	IN:10984..12813	1	-	Copia	LTR	0
QAXL01000955.1:24940..29367	pass	motif:TGCA	TSD:ACGC	24936..24939	29368..29371	IN:25555..28752	0.99351	?	unknown	NA	250702
QAXL01000957.1:11922..23249	pass	motif:TGCA	TSD:GGGCC	11917..11921	23250..23254	IN:12639..22531	0.93175	-	unknown	NA	2752217
QAXL01002361.1:7248..13441	pass	motif:TGCA	TSD:GGTGG	7243..7247	13442..13446	IN:7498..13191	0.988	+	Gypsy	LTR	465271
QAXL01003242.1:3262..5232	pass	motif:TGCA	TSD:CATAC	3257..3261	5233..5237	IN:3416..5078	1	+	Copia	LTR	0
