#LTR_loc        Category        Motif   TSD     5_TSD 3_TSD       Internal        Similarity      Strand  SuperFamily  TE_type     Insertion_Time
BDCZ01000257.1:27970..35934	pass	motif:TGCA	TSD:CACAT	27965..27969	35935..35939	IN:28120..35784	0.97333	+	unknown	NA	1044452
BDCZ01000740.1:20683..22436	pass	motif:TGCA	TSD:CAGCC	20678..20682	22437..22441	IN:20914..22205	0.99567	+	unknown	NA	167021
BDCZ01000783.1:3994..5938	pass	motif:TGCA	TSD:CCTGT	3989..3993	5939..5943	IN:4299..5632	0.97712	+	unknown	LTR	893702
BDCZ01001191.1:3235..5289	pass	motif:TGCA	TSD:CACGC	3230..3234	5290..5294	IN:3541..4983	1	-	unknown	LTR	0
