#LTR_loc        Category        Motif   TSD     5_TSD 3_TSD       Internal        Similarity      Strand  SuperFamily  TE_type     Insertion_Time
BDDA01000178.1:69648..81766	pass	motif:TGCA	TSD:CAC	69645..69647	81765..81767	IN:69830..81584	0.98333	-	unknown	NA	648387
BDDA01000255.1:86174..88290	pass	motif:TGCA	TSD:GGAAG	86169..86173	88291..88295	IN:86506..87958	0.99398	-	Copia	LTR	232473
BDDA01000395.1:77717..86474	pass	motif:TGCA	TSD:AGC	77714..77716	86475..86477	IN:78643..85548	0.93111	-	unknown	NA	2779309
BDDA01001350.1:1349..9453	pass	motif:TGCA	TSD:CTT	1346..1348	9454..9456	IN:1519..9283	0.96471	+	unknown	NA	1390279
