#LTR_loc        Category        Motif   TSD     5_TSD 3_TSD       Internal        Similarity      Strand  SuperFamily  TE_type     Insertion_Time
BEGY01000001.1:825966..832518	pass	motif:TGCA	TSD:ATTAG	825961..825965	832519..832523	IN:826105..832379	0.99281	+	Gypsy	LTR	277873
BEGY01000003.1:960..5117	pass	motif:TGCA	TSD:AAAAT	955..959	5118..5122	IN:1194..4883	0.97009	+	Gypsy	LTR	1173952
BEGY01000007.1:10947..16904	pass	motif:TGCA	TSD:CTCTC	10942..10946	16905..16909	IN:11295..16567	0.95402	-	Gypsy	LTR	1824994
BEGY01000009.1:123305..130567	pass	motif:TGCA	TSD:GATAA	123300..123304	130568..130572	IN:123556..130316	0.98805	+	Gypsy	LTR	463316
BEGY01000009.1:706252..708118	pass	motif:TGCA	TSD:ATGTT	706247..706251	708119..708123	IN:706548..707822	0.99662	-	Gypsy	LTR	130294
BEGY01000010.1:397049..403507	pass	motif:TGCA	TSD:AAGGC	397044..397048	403508..403512	IN:397193..403363	0.97917	+	Gypsy	LTR	812490
BEGY01000020.1:263239..264919	pass	motif:TGCA	TSD:AGGTA	263234..263238	264920..264924	IN:263543..264615	0.99671	-	Copia	LTR	126817
BEGY01000032.1:478786..483338	pass	motif:TGCA	TSD:GTATG	478781..478785	483339..483343	IN:479033..483091	0.97166	+	Gypsy	LTR	1111128
BEGY01000032.1:495347..496745	pass	motif:TGCA	TSD:CCACA	495342..495346	496746..496750	IN:495527..496565	1	+	unknown	NA	0
BEGY01000032.1:536382..542314	pass	motif:TGCA	TSD:GTATA	536377..536381	542315..542319	IN:536633..542063	0.99602	+	Gypsy	LTR	153485
BEGY01000032.1:542849..544288	pass	motif:TGCA	TSD:CGACA	542844..542848	544289..544293	IN:543045..544090	0.94975	-	unknown	NA	2000483
BEGY01000043.1:303042..305692	pass	motif:TGCA	TSD:ATATT	303037..303041	305693..305697	IN:303299..305448	0.94942	-	unknown	LTR	2014090
BEGY01000044.1:28492..31517	pass	motif:TGCA	TSD:TTGCT	28487..28491	31518..31522	IN:28767..31242	0.98545	+	unknown	NA	565115
BEGY01000044.1:28572..31437	pass	motif:TGCA	TSD:TTGCT	28567..28571	31438..31442	IN:28767..31242	0.97949	+	unknown	NA	799833
BEGY01000082.1:87275..95676	pass	motif:TGCA	TSD:TGAT	87268..87271	95677..95680	IN:87754..95185	0.96311	-	unknown	NA	1454928
BEGY01000111.1:82247..83718	pass	motif:TGCA	TSD:CTGAG	82242..82246	83719..83723	IN:82458..83501	0.95853	-	unknown	NA	1640792
BEGY01000142.1:97251..107650	pass	motif:TGCA	TSD:CTAAC	97246..97250	107651..107655	IN:97506..107395	0.95686	-	unknown	NA	1708863
BEGY01000142.1:97251..107780	pass	motif:TGCA	TSD:GTTAG	97246..97250	107781..107785	IN:97506..107525	0.97255	+	unknown	NA	1075575
BEGY01000150.1:12605..18220	pass	motif:TGCA	TSD:CTAGC	12600..12604	18221..18225	IN:13033..17792	0.99533	-	Gypsy	LTR	180177
BEGY01000256.1:18154..19585	pass	motif:TGCA	TSD:AGTAC	18149..18153	19586..19590	IN:18349..19390	1	-	unknown	NA	0
BEGY01000288.1:8764..13012	pass	motif:TGCA	TSD:GCACT	8759..8763	13013..13017	IN:9197..12571	0.95281	+	Gypsy	LTR	1874614
