#LTR_loc        Category        Motif   TSD     5_TSD 3_TSD       Internal        Similarity      Strand  SuperFamily  TE_type     Insertion_Time
CCJE01000526.1:2479..7566	pass	motif:TGCA	TSD:ATAAA	2474..2478	7567..7571	IN:2813..7239	0.92239	+	Gypsy	LTR	3151000
CCJE01051415.1:1825..4952	pass	motif:TGCA	TSD:AAGAA	1820..1824	4953..4957	IN:2074..4703	0.95181	-	unknown	LTR	1915687
CCJE01061664.1:1968..6409	pass	motif:TGCA	TSD:TCTAA	1963..1967	6410..6414	IN:2226..6151	0.92248	+	Copia	LTR	3147139
CCJE01112998.1:4266..9046	pass	motif:TGTA	TSD:GTTGG	4261..4265	9047..9051	IN:4455..8857	0.93048	+	Copia	LTR	2806003
CCJE01148141.1:451..4381	pass	motif:TGCA	TSD:CCCAA	446..450	4382..4386	IN:681..4151	0.92609	-	unknown	LTR	2992702
CCJE01177546.1:1295..6509	pass	motif:TGCA	TSD:GAAGG	1290..1294	6510..6514	IN:1504..6291	0.90498	-	unknown	LTR	3907745
CCJE01179983.1:1172..2984	pass	motif:TGCA	TSD:ATGT	1168..1171	2985..2988	IN:1285..2871	0.93805	-	unknown	NA	2486876
CCJE01199043.1:241..5192	pass	motif:TGCA	TSD:TAT	238..240	5193..5195	IN:466..4966	0.93805	-	unknown	LTR	2486876
