#LTR_loc        Category        Motif   TSD     5_TSD 3_TSD       Internal        Similarity      Strand  SuperFamily  TE_type     Insertion_Time
UNRP01001360.1:1825..4952	pass	motif:TGCA	TSD:AAGAA	1820..1824	4953..4957	IN:2074..4703	0.95181	-	unknown	LTR	1915687
UNRP01003806.1:1295..6509	pass	motif:TGCA	TSD:GAAGG	1290..1294	6510..6514	IN:1504..6291	0.90498	-	unknown	LTR	3907745
UNRP01004289.1:1968..6409	pass	motif:TGCA	TSD:TCTAA	1963..1967	6410..6414	IN:2226..6151	0.92248	+	Copia	LTR	3147139
UNRP01006882.1:4013..5800	pass	motif:TGCA	TSD:TGATG	4008..4012	5801..5805	IN:4335..5478	0.96894	+	Gypsy	LTR	1220057
UNRP01012484.1:2938..7998	pass	motif:TGCA	TSD:TTTAA	2933..2937	7999..8003	IN:3267..7657	0.91789	-	Gypsy	LTR	3344703
UNRP01020876.1:451..4381	pass	motif:TGCA	TSD:CCCAA	446..450	4382..4386	IN:681..4151	0.92609	-	unknown	LTR	2992702
UNRP01021435.1:4266..9046	pass	motif:TGTA	TSD:GTTGG	4261..4265	9047..9051	IN:4455..8857	0.93048	+	Copia	LTR	2806003
UNRP01021591.1:1322..11900	pass	motif:TGCA	TSD:CCAAG	1317..1321	11901..11905	IN:2153..11069	0.93381	+	Gypsy	LTR	2665186
UNRP01045247.1:5694..10184	pass	motif:TGCA	TSD:ATC	5691..5693	10185..10187	IN:5878..9998	0.93011	+	unknown	LTR	2821692
UNRP01051978.1:2479..7566	pass	motif:TGCA	TSD:ATAAA	2474..2478	7567..7571	IN:2813..7239	0.92239	+	Gypsy	LTR	3151000
UNRP01058913.1:241..5192	pass	motif:TGCA	TSD:TAT	238..240	5193..5195	IN:466..4966	0.93805	-	unknown	LTR	2486876
UNRP01064840.1:1229..6477	pass	motif:TGCA	TSD:AAGGG	1224..1228	6478..6482	IN:1601..6113	0.9328	+	Gypsy	LTR	2707824
UNRP01077744.1:5779..10363	pass	motif:TGCA	TSD:ATGGT	5774..5778	10364..10368	IN:5982..10160	0.93596	-	unknown	LTR	2574631
