#LTR_loc        Category        Motif   TSD     5_TSD 3_TSD       Internal        Similarity      Strand  SuperFamily  TE_type     Insertion_Time
NW_001842475.1:14431..21959	pass	motif:TGCA	TSD:ATAAG	14426..14430	21960..21964	IN:14845..21545	1	+	Gypsy	LTR	0
NW_001843471.1:2371885..2374871	pass	motif:TGCA	TSD:CCTTC	2371880..2371884	2374872..2374876	IN:2372115..2374641	0.99565	+	unknown	NA	167795
NW_001843476.1:44445..49591	pass	motif:TGCA	TSD:CTGTG	44440..44444	49592..49596	IN:44687..49349	1	+	Gypsy	LTR	0
NW_001843559.1:1819567..1821815	pass	motif:TGCA	TSD:CCATT	1819562..1819566	1821816..1821820	IN:1819775..1821607	0.99519	-	unknown	NA	185596
NW_001843590.1:1154586..1167958	pass	motif:TGCA	TSD:CCTGC	1154581..1154585	1167959..1167963	IN:1154767..1167777	1	-	Gypsy	LTR	0
NW_001843636.1:137149..143160	pass	motif:TGCA	TSD:CCAAG	137144..137148	143161..143165	IN:137476..142833	1	-	unknown	LTR	0
NW_001843636.1:673339..680408	pass	motif:TGCA	TSD:GTTGG	673334..673338	680409..680413	IN:673702..680045	0.99449	-	Gypsy	LTR	212705
NW_001843653.1:313585..320268	pass	motif:TGCA	TSD:CCTAA	313580..313584	320269..320273	IN:313869..319984	1	-	Gypsy	LTR	0
NW_001843688.1:258781..262221	pass	motif:TGCA	TSD:CAACG	258776..258780	262222..262226	IN:259060..261942	0.99642	+	unknown	NA	138022
NW_001843709.1:1026854..1030192	pass	motif:TGCA	TSD:GCCGG	1026849..1026853	1030193..1030197	IN:1027070..1029976	1	-	unknown	LTR	0
NW_001843718.1:408979..416466	pass	motif:TGCA	TSD:GGTG	408975..408978	416467..416470	IN:409237..416214	0.95349	+	unknown	NA	1846718
NW_001843738.1:1352507..1355310	pass	motif:TGCA	TSD:GTAGG	1352502..1352506	1355311..1355315	IN:1352777..1355040	1	+	unknown	NA	0
NW_001843775.1:941054..943572	pass	motif:TGCA	TSD:CCG	941051..941053	943573..943575	IN:941352..943273	0.97324	-	unknown	NA	1048041
NW_001843809.1:518358..524375	pass	motif:TGCA	TSD:CCAGC	518353..518357	524376..524380	IN:518685..524048	1	-	unknown	LTR	0
NW_001843813.1:605275..608073	pass	motif:TGCA	TSD:AATGC	605270..605274	608074..608078	IN:605543..607805	1	-	unknown	NA	0
NW_001843825.1:159750..163271	pass	motif:TGCA	TSD:GCAAT	159745..159749	163272..163276	IN:160022..162993	0.97842	-	unknown	NA	842175
NW_001843852.1:454813..460921	pass	motif:TGCA	TSD:CGCGG	454808..454812	460922..460926	IN:455118..460626	0.96393	-	unknown	LTR	1421778
NW_001843867.1:2848418..2853844	pass	motif:TGCA	TSD:GCTGT	2848413..2848417	2853845..2853849	IN:2848781..2853481	1	-	Gypsy	LTR	0
NW_001843871.1:95174..98229	pass	motif:TGCA	TSD:AACCA	95169..95173	98230..98234	IN:95404..97999	1	-	unknown	NA	0
NW_001843876.1:22031..24523	pass	motif:TGCA	TSD:GCTC	22027..22030	24524..24527	IN:22570..23979	0.96507	+	unknown	NA	1375753
NW_001843876.1:22212..24337	pass	motif:TGCA	TSD:GCTC	22208..22211	24338..24341	IN:22570..23979	0.96927	+	unknown	NA	1206819
NW_001843876.1:22393..24156	pass	motif:TGCA	TSD:GCTC	22389..22392	24157..24160	IN:22570..23979	0.96045	+	unknown	NA	1562730
NW_001843914.1:254532..257722	pass	motif:TGCA	TSD:GAGTG	254527..254531	257723..257727	IN:254804..257450	1	+	unknown	NA	0
NW_001843987.1:1875355..1879245	pass	motif:TGCA	TSD:CAACT	1875350..1875354	1879246..1879250	IN:1875720..1878880	0.99452	+	Gypsy	LTR	211543
