#LTR_loc        Category        Motif   TSD     5_TSD 3_TSD       Internal        Similarity      Strand  SuperFamily  TE_type     Insertion_Time
PJAD010018275.1:818..5815	pass	motif:TGCA	TSD:AAAGA	813..817	5816..5820	IN:1080..5554	0.97328	+	unknown	LTR	1046446
PJAD010023050.1:503..5526	pass	motif:TGCA	TSD:NA	..	..	IN:814..5215	0.97115	-	unknown	LTR	1131521
PJAD010046096.1:511..5590	pass	motif:TGCA	TSD:GATTA	506..510	5591..5595	IN:748..5353	1	+	unknown	LTR	0
PJAD010095298.1:152..5220	pass	motif:TGCA	TSD:CTAGG	147..151	5221..5225	IN:401..4971	0.95984	+	Gypsy	LTR	1587508
PJAD010095307.1:88..4949	pass	motif:TGCA	TSD:TAAAA	83..87	4950..4954	IN:258..4779	0.98824	-	unknown	LTR	455891
PJAD010115900.1:834..5925	pass	motif:TGCA	TSD:CTTT	830..833	5926..5929	IN:1110..5651	0.95652	-	Gypsy	LTR	1722741
PJAD010175332.1:789..4218	pass	motif:TGCA	TSD:CTAAC	784..788	4219..4223	IN:1012..3995	0.99103	-	Copia	LTR	347080
PJAD010205906.1:2053..3594	pass	motif:TGCA	TSD:ATATA	2046..2050	3595..3599	IN:2334..3314	0.96429	+	Copia	LTR	1407236
PJAD010228663.1:306..5325	pass	motif:TGCA	TSD:TAACT	301..305	5326..5330	IN:570..5061	0.94318	-	unknown	LTR	2272601
PJAD010285097.1:118..5301	pass	motif:TGCA	TSD:ATTTA	113..117	5302..5306	IN:337..5082	0.99543	-	unknown	LTR	176307
PJAD010485948.1:86..4911	pass	motif:TGCA	TSD:ATAT	82..85	4912..4915	IN:199..4786	0.88	-	unknown	LTR	5029425
PJAD010488101.1:1271..6124	pass	motif:TGCA	TSD:GTAAT	1266..1270	6125..6129	IN:1490..5904	0.93213	+	unknown	LTR	2736143
PJAD010494918.1:2875..7652	pass	motif:TGCA	TSD:TTAAT	2870..2874	7653..7657	IN:3027..7500	1	+	unknown	LTR	0
PJAD010555223.1:2857..7786	pass	motif:TGCA	TSD:CAAAT	2852..2856	7787..7791	IN:2975..7668	0.94068	+	unknown	LTR	2376825
PJAD010721504.1:312..2562	pass	motif:TGCA	TSD:TACAT	307..311	2563..2567	IN:496..2376	0.96774	-	Copia	LTR	1268245
PJAD010771741.1:1116..6042	pass	motif:TGCA	TSD:ATAAC	1111..1115	6043..6047	IN:1324..5835	0.91346	+	unknown	LTR	3536672
PJAD010782881.1:4246..8714	pass	motif:TGCA	TSD:CTCAT	4241..4245	8715..8719	IN:4366..8594	0.925	+	Copia	LTR	3039246
PJAD010792648.1:1190..6526	pass	motif:TGCA	TSD:TCCTT	1185..1189	6527..6531	IN:1547..6164	0.93956	-	Gypsy	LTR	2423639
PJAD011027252.1:431..3089	pass	motif:TGCA	TSD:AATAT	426..430	3090..3094	IN:554..2966	0.96748	+	Copia	LTR	1278696
PJAD011066123.1:478..1933	pass	motif:TGCA	TSD:ATAAC	473..477	1934..1938	IN:899..1513	0.93587	?	unknown	NA	2578416
PJAD011375055.1:973..6130	pass	motif:TGCA	TSD:TATTC	968..972	6131..6135	IN:1208..5895	0.98298	-	Copia	LTR	662157
PJAD011477690.1:956..2714	pass	motif:TGCA	TSD:ATATT	951..955	2715..2719	IN:1074..2596	0.97458	-	Copia	LTR	994645
PJAD011625877.1:813..6128	pass	motif:TGCA	TSD:CATTT	808..812	6129..6133	IN:1090..5851	0.96751	+	unknown	LTR	1277490
