#LTR_loc        Category        Motif   TSD     5_TSD 3_TSD       Internal        Similarity      Strand  SuperFamily  TE_type     Insertion_Time
BDDC01000254.1:74796..79625	pass	motif:TGCA	TSD:CTACG	74791..74795	79626..79630	IN:75010..79411	0.98598	-	unknown	LTR	544334
BDDC01000473.1:71..3814	pass	motif:TGCA	TSD:CGGC	67..70	3815..3818	IN:248..3637	1	+	unknown	NA	0
BDDC01000804.1:2328..13674	pass	motif:TGCA	TSD:CTGG	2324..2327	13675..13678	IN:2481..13520	0.94805	+	unknown	NA	2070648
BDDC01000963.1:24457..27910	pass	motif:TGCA	TSD:GGGGC	24452..24456	27911..27915	IN:24801..27566	0.99709	-	Gypsy	LTR	112141
BDDC01001329.1:9529..11064	pass	motif:TGCA	TSD:CCCC	9525..9528	11065..11068	IN:9684..10909	0.9871	+	unknown	NA	500470
BDDC01001947.1:866..2979	pass	motif:TGCA	TSD:GAGAG	861..865	2980..2984	IN:1064..2781	0.95455	-	unknown	NA	1803286
BDDC01002589.1:6153..11668	pass	motif:TGCA	TSD:CTACA	6148..6152	11669..11673	IN:6436..11382	0.97552	-	unknown	LTR	957247
