#LTR_loc        Category        Motif   TSD     5_TSD 3_TSD       Internal        Similarity      Strand  SuperFamily  TE_type     Insertion_Time
NBIL01019974.1:507..5913	pass	motif:TGCA	TSD:GCATG	502..506	5914..5918	IN:1047..5372	0.90959	-	unknown	NA	3705426
NBIL01021862.1:6187..14519	pass	motif:TGCA	TSD:CTCAG	6182..6186	14520..14524	IN:7179..13529	0.95871	-	unknown	LTR	1633465
NBIL01035867.1:3999..6737	pass	motif:TGCA	TSD:TCAA	3995..3998	6738..6741	IN:4319..6417	0.95938	-	Gypsy	LTR	1606207
NBIL01037019.1:6549..10063	pass	motif:TGCA	TSD:GATT	6545..6548	10064..10067	IN:6965..9641	0.94076	+	unknown	NA	2373484
NBIL01072517.1:1377..3419	pass	motif:TGCA	TSD:CAAAG	1372..1376	3420..3424	IN:1665..3131	0.97917	+	Gypsy	LTR	812490
NBIL01075826.1:1268..6415	pass	motif:TGCA	TSD:GGAA	1264..1267	6416..6419	IN:1546..6136	0.90036	+	Gypsy	LTR	4111937
NBIL01110842.1:2079..7362	pass	motif:TGCA	TSD:TTATG	2074..2078	7363..7367	IN:2682..6752	0.91967	+	Copia	LTR	3267927
NBIL01112433.1:10487..13904	pass	motif:TGCA	TSD:TGATT	10482..10486	13905..13909	IN:10709..13682	0.93694	-	Copia	LTR	2533450
NBIL01116369.1:5754..17978	pass	motif:TGCA	TSD:NA	..	..	IN:6306..17427	0.94203	-	Gypsy	LTR	2320497
NBIL01148472.1:3382..8840	pass	motif:TGCA	TSD:NA	..	..	IN:4331..7899	0.91992	+	unknown	NA	3257161
NBIL01149629.1:2161..4216	pass	motif:TGCA	TSD:CCTCC	2156..2160	4217..4221	IN:2478..3901	0.97484	+	Copia	LTR	984296
NBIL01150454.1:10154..22738	pass	motif:TGCA	TSD:TAAGT	10149..10153	22739..22743	IN:10704..22186	0.94746	-	Gypsy	LTR	2095040
NBIL01155012.1:723..4884	pass	motif:TGCA	TSD:ATTGT	718..722	4885..4889	IN:1372..4234	0.96462	+	unknown	NA	1393912
NBIL01155893.1:3180..13833	pass	motif:TGCA	TSD:TTTT	3176..3179	13834..13837	IN:3896..13108	0.91724	+	Gypsy	LTR	3372791
NBIL01157685.1:98..1834	pass	motif:TGCA	TSD:TTATA	93..97	1835..1839	IN:332..1597	0.95359	+	Copia	LTR	1842617
