#LTR_loc        Category        Motif   TSD     5_TSD 3_TSD       Internal        Similarity      Strand  SuperFamily  TE_type     Insertion_Time
PYAF01000002.1:5224..9532	pass	motif:TGCA	TSD:CATAC	5219..5223	9533..9537	IN:5553..9203	0.97568	+	unknown	LTR	950886
PYAF01000010.1:142369..152516	pass	motif:TGCA	TSD:GGATA	142364..142368	152517..152521	IN:142800..152083	0.97921	?	Gypsy	LTR	810907
PYAF01000010.1:223334..226749	pass	motif:TGCA	TSD:CCTTC	223329..223333	226750..226754	IN:223588..226495	0.97244	+	Gypsy	LTR	1079966
PYAF01000010.1:288946..291564	pass	motif:TGCA	TSD:CCAAT	288941..288945	291565..291569	IN:289289..291219	0.94783	+	Copia	LTR	2079741
PYAF01000010.1:311112..314932	pass	motif:TGCA	TSD:ATTTA	311107..311111	314933..314937	IN:311670..314372	0.98214	+	unknown	LTR	695234
PYAF01000012.1:1177524..1181300	pass	motif:TGCA	TSD:AAAAT	1177519..1177523	1181301..1181305	IN:1177937..1180878	0.95972	-	Gypsy	LTR	1592385
PYAF01000012.1:1566198..1577530	pass	motif:TGCT	TSD:ATGTT	1566193..1566197	1577531..1577535	IN:1566889..1576834	0.97839	+	Copia	LTR	843363
PYAF01000016.1:122651..127887	pass	motif:TGCA	TSD:CCATG	122646..122650	127888..127892	IN:122956..127582	0.99344	-	Gypsy	LTR	253418
PYAF01000023.1:56654..61535	pass	motif:TGCA	TSD:TTGTT	56649..56653	61536..61540	IN:57067..61123	0.95642	-	Copia	LTR	1726824
