#LTR_loc        Category        Motif   TSD     5_TSD 3_TSD       Internal        Similarity      Strand  SuperFamily  TE_type     Insertion_Time
QAXH01000808.1:11759..13844	pass	motif:TGCA	TSD:GTTG	11755..11758	13845..13848	IN:11958..13632	0.88679	+	unknown	NA	4720191
QAXH01001125.1:6114..11269	pass	motif:TGCA	TSD:GCCG	6110..6113	11270..11273	IN:6329..11045	0.90667	-	unknown	NA	3833411
QAXH01004515.1:18742..27095	pass	motif:TGCA	TSD:AGCT	18738..18741	27096..27099	IN:18888..26947	0.96622	+	unknown	NA	1329399
QAXH01006558.1:11114..12644	pass	motif:TGCA	TSD:TGACA	11109..11113	12645..12649	IN:11313..12445	0.96482	-	unknown	NA	1385840
