#LTR_loc        Category        Motif   TSD     5_TSD 3_TSD       Internal        Similarity      Strand  SuperFamily  TE_type     Insertion_Time
LSYV01000001.1:224726..226868	pass	motif:TGCA	TSD:TGTG	224722..224725	226869..226872	IN:225258..226336	1	+	unknown	NA	0
LSYV01000004.1:1423258..1424963	pass	motif:TGCA	TSD:CGTGG	1423253..1423257	1424964..1424968	IN:1423510..1424711	1	-	unknown	NA	0
LSYV01000008.1:273550..277975	pass	motif:TGCA	TSD:GCTGC	273545..273549	277976..277980	IN:273737..277786	0.97884	+	unknown	LTR	825547
LSYV01000085.1:245654..247780	pass	motif:TGCA	TSD:CCACC	245646..245650	247781..247785	IN:245970..247477	0.92434	-	unknown	NA	3067465
LSYV01000090.1:126537..131714	pass	motif:TGCA	TSD:GCG	126534..126536	131715..131717	IN:126963..131286	0.95561	-	unknown	NA	1759919
LSYV01000188.1:41565..45231	pass	motif:TGCA	TSD:AGGA	41561..41564	45232..45235	IN:41801..44995	0.99576	-	unknown	NA	163540
LSYV01000222.1:18872..25300	pass	motif:TGCA	TSD:NA	..	..	IN:19436..24736	0.99113	+	unknown	NA	343187
LSYV01000228.1:4347..10897	pass	motif:TGCA	TSD:CGCC	4343..4346	10898..10901	IN:4880..10360	0.99813	+	unknown	NA	72013
LSYV01000236.1:270..2562	pass	motif:TGCA	TSD:CCAAC	265..269	2563..2567	IN:446..2386	1	-	Copia	LTR	0
LSYV01000698.1:1353..5919	pass	motif:TGCA	TSD:CCGTG	1348..1352	5920..5924	IN:1536..5736	0.98361	+	Copia	LTR	637375
