#LTR_loc        Category        Motif   TSD     5_TSD 3_TSD       Internal        Similarity      Strand  SuperFamily  TE_type     Insertion_Time
QBDZ01178295.1:739..5489	pass	motif:TGCA	TSD:TTAAC	734..738	5490..5494	IN:1794..4439	0.87978	-	Copia	LTR	5039500
QBDZ01180576.1:1033..6328	pass	motif:TGCA	TSD:ATGTC	1028..1032	6329..6333	IN:1511..5848	0.94375	+	Gypsy	LTR	2248891
QBDZ01182077.1:3128..5102	pass	motif:TGCA	TSD:CAATT	3123..3127	5103..5107	IN:3495..4728	0.84833	+	Gypsy	LTR	6517234
QBDZ01182084.1:530..3596	pass	motif:TGCA	TSD:CATT	526..529	3597..3600	IN:697..3429	0.92262	?	unknown	NA	3141135
QBDZ01182782.1:4775..8760	pass	motif:TGCA	TSD:CTCG	4771..4774	8761..8764	IN:4973..8563	0.93467	-	Gypsy	LTR	2628930
QBDZ01184816.1:4015..6356	pass	motif:TGCA	TSD:CTAAG	4010..4014	6357..6361	IN:4222..6164	0.875	+	Copia	LTR	5259276
QBDZ01189063.1:4910..10048	pass	motif:TGCA	TSD:AAACT	4905..4909	10049..10053	IN:5263..9705	0	+	Gypsy	LTR	NA
QBDZ01191842.1:6016..11599	pass	motif:TGCA	TSD:GTAAG	6011..6015	11600..11604	IN:6565..11049	0.9	+	Gypsy	LTR	4127909
