#LTR_loc        Category        Motif   TSD     5_TSD 3_TSD       Internal        Similarity      Strand  SuperFamily  TE_type     Insertion_Time
PVLG01000906.1:9226..10972	pass	motif:TGCA	TSD:GCTTG	9221..9225	10973..10977	IN:9380..10816	0.88462	?	unknown	NA	4818658
PVLG01003635.1:1568..7513	pass	motif:TGCA	TSD:TAA	1565..1567	7514..7516	IN:3083..6011	0.92546	+	unknown	NA	3019594
PVLG01005339.1:1594..6526	pass	motif:TGCA	TSD:ATAT	1590..1593	6527..6530	IN:1967..6153	0.9437	-	unknown	LTR	2250970
PVLG01011653.1:742..2282	pass	motif:TGCA	TSD:CATTT	737..741	2283..2287	IN:999..2023	0.96525	?	unknown	NA	1368493
PVLG01015802.1:3659..5130	pass	motif:TGCA	TSD:ACCAC	3654..3658	5131..5135	IN:3873..4915	0.95349	?	unknown	NA	1846718
PVLG01023489.1:929..3769	pass	motif:TGCA	TSD:AGGAA	924..928	3770..3774	IN:1193..3505	0.9697	?	unknown	NA	1189579
PVLG01024616.1:1457..2954	pass	motif:TGCA	TSD:GAAAC	1452..1456	2955..2959	IN:1714..2698	0.92218	?	unknown	NA	3160011
PVLG01025202.1:2765..4820	pass	motif:TGCA	TSD:GTTTT	2760..2764	4821..4825	IN:3060..4527	0.9322	+	Gypsy	LTR	2733183
PVLG01028626.1:851..2366	pass	motif:TGCA	TSD:GGGTG	846..850	2367..2371	IN:1064..2153	0.90141	?	unknown	NA	4065403
PVLG01033255.1:2020..3224	pass	motif:TGCA	TSD:AACAT	2015..2019	3225..3229	IN:2161..3083	0.91489	?	unknown	NA	3474565
PVLG01033934.1:1068..6247	pass	motif:TGCA	TSD:ATCCT	1063..1067	6248..6252	IN:1329..5982	0.89098	+	Gypsy	LTR	4531008
PVLG01037319.1:805..2290	pass	motif:TGCA	TSD:GAGTA	800..804	2291..2295	IN:1018..2075	0.97209	?	unknown	NA	1093945
PVLG01047972.1:355..5713	pass	motif:TGCA	TSD:TATTG	350..354	5714..5718	IN:500..5568	0.93793	+	Gypsy	LTR	2491907
