#LTR_loc        Category        Motif   TSD     5_TSD 3_TSD       Internal        Similarity      Strand  SuperFamily  TE_type     Insertion_Time
LNSY01022697.1:655..5376	pass	motif:TGCA	TSD:GCATG	650..654	5377..5381	IN:999..5032	0.91304	+	unknown	LTR	3554939
LNSY01039514.1:8194..12368	pass	motif:TGCA	TSD:GCTAA	8189..8193	12369..12373	IN:8569..11983	0.88462	+	unknown	NA	4818658
LNSY01049406.1:1447..7088	pass	motif:TGCA	TSD:TAATT	1442..1446	7089..7093	IN:1965..6569	0.91522	-	Gypsy	LTR	3460252
LNSY01056037.1:1081..6698	pass	motif:TGCA	TSD:GAGTG	1076..1080	6699..6703	IN:1598..6181	0.92857	+	Gypsy	LTR	2887084
LNSY01089646.1:168..3713	pass	motif:TGCA	TSD:TACAT	163..167	3714..3718	IN:447..3434	0.88968	+	unknown	LTR	4589572
LNSY01119904.1:266..5505	pass	motif:TGCA	TSD:AGTTC	261..265	5506..5510	IN:505..5266	0.93333	+	unknown	LTR	2685441
LNSY01163845.1:488..5509	pass	motif:TGCA	TSD:AGTCT	483..487	5510..5514	IN:843..5157	0.90423	+	Copia	LTR	3940795
LNSY01174633.1:681..5587	pass	motif:TGCA	TSD:ATAGA	676..680	5588..5592	IN:908..5362	0.9163	+	unknown	LTR	3413457
LNSY01206775.1:658..3049	pass	motif:TGCA	TSD:ACATT	653..657	3050..3054	IN:1125..2577	0.91314	+	Copia	LTR	3550589
LNSY01354733.1:6253..11253	pass	motif:TGCA	TSD:TTAAC	6248..6252	11254..11258	IN:6498..11009	0.92653	-	unknown	LTR	2973935
LNSY01379873.1:541..5074	pass	motif:TGCA	TSD:CAACC	536..540	5075..5079	IN:856..4756	0.88994	-	Copia	LTR	4577850
LNSY01380142.1:504..5909	pass	motif:TGCA	TSD:GAAGC	499..503	5910..5914	IN:940..5473	0.96101	+	Gypsy	LTR	1540001
LNSY01381584.1:1380..6317	pass	motif:TGCA	TSD:AAGTT	1375..1379	6318..6322	IN:1608..6089	0.94737	+	unknown	LTR	2098762
LNSY01384856.1:4825..9516	pass	motif:TGCA	TSD:CGACT	4820..4824	9517..9521	IN:5160..9184	0.92537	-	Copia	LTR	3023438
LNSY01385543.1:378..4521	pass	motif:TGCA	TSD:AAG	375..377	4522..4524	IN:849..4050	0.92585	-	unknown	LTR	3002944
LNSY01385899.1:1072..6719	pass	motif:TGCA	TSD:TAATT	1067..1071	6720..6724	IN:1592..6199	0.93474	-	Gypsy	LTR	2625981
LNSY01388617.1:815..5729	pass	motif:TGCA	TSD:ATCTT	810..814	5730..5734	IN:1101..5431	0.88963	+	unknown	LTR	4591827
