#LTR_loc        Category        Motif   TSD     5_TSD 3_TSD       Internal        Similarity      Strand  SuperFamily  TE_type     Insertion_Time
BDEM01000066.1:405579..409617	pass	motif:TGCA	TSD:AAGAA	405574..405578	409618..409622	IN:405791..409406	0.90094	-	Copia	LTR	4086223
BDEM01000083.1:278310..281550	pass	motif:TGCA	TSD:GATTT	278305..278309	281551..281555	IN:278549..281310	0.8875	+	Copia	LTR	4688046
BDEM01000113.1:295022..298064	pass	motif:TGCA	TSD:CAATT	295017..295021	298065..298069	IN:295366..297720	0.93314	?	unknown	NA	2693463
BDEM01000163.1:23919..28970	pass	motif:TGCA	TSD:TACTT	23914..23918	28971..28975	IN:24155..28734	0.99576	-	unknown	LTR	163540
BDEM01000187.1:23603..34601	pass	motif:TGCA	TSD:AAACC	23598..23602	34602..34606	IN:24443..33764	0.92381	-	Gypsy	LTR	3090145
BDEM01000190.1:142568..144719	pass	motif:TGCA	TSD:ATATC	142563..142567	144720..144724	IN:142768..144517	0.93564	-	Copia	LTR	2588091
BDEM01000193.1:47473..51145	pass	motif:TGCA	TSD:TGTG	47469..47472	51146..51149	IN:47637..50981	0.92683	+	unknown	NA	2961146
BDEM01000195.1:27261..32626	pass	motif:TGCA	TSD:GACGG	27256..27260	32627..32631	IN:27484..32403	0.99103	-	Gypsy	LTR	347080
BDEM01000234.1:83748..86009	pass	motif:TGCA	TSD:CATTT	83743..83747	86010..86014	IN:84135..85620	0.97172	+	Copia	LTR	1108729
BDEM01000437.1:45995..47347	pass	motif:TGCA	TSD:TATAT	45988..45992	47348..47352	IN:46233..47112	0.95339	+	Copia	LTR	1850818
BDEM01000479.1:69901..74493	pass	motif:TGCA	TSD:ATCCC	69896..69900	74494..74498	IN:70145..74250	0.94262	+	unknown	LTR	2295914
BDEM01000504.1:101915..107829	pass	motif:TGCA	TSD:ATGTC	101910..101914	107830..107834	IN:102754..106994	0.89505	+	Gypsy	LTR	4348424
BDEM01000532.1:92461..95780	pass	motif:TGCA	TSD:TTGAT	92456..92460	95781..95785	IN:93253..94983	0.93225	-	unknown	NA	2731069
BDEM01000562.1:52888..57853	pass	motif:TGCA	TSD:TTGGG	52883..52887	57854..57858	IN:53128..57615	0.95	+	unknown	LTR	1990179
BDEM01000707.1:57989..62999	pass	motif:TGCA	TSD:TATAT	57982..57986	63000..63004	IN:58216..62760	0.89496	-	Copia	LTR	4352449
BDEM01000781.1:35687..40043	pass	motif:TGCA	TSD:AGGGG	35682..35686	40044..40048	IN:35921..39809	0.94872	-	unknown	LTR	2042975
BDEM01001666.1:10316..15492	pass	motif:TGCA	TSD:TTTTG	10311..10315	15493..15497	IN:10596..15199	0.91809	+	unknown	LTR	3336067
BDEM01001876.1:8674..13504	pass	motif:TGCA	TSD:TGGCG	8669..8673	13505..13509	IN:8887..13291	0.90141	-	Copia	LTR	4065403
