#LTR_loc        Category        Motif   TSD     5_TSD 3_TSD       Internal        Similarity      Strand  SuperFamily  TE_type     Insertion_Time
BATU01000235.1:1902..5938	pass	motif:TGCA	TSD:TTTA	1898..1901	5939..5942	IN:2440..5402	0.98327	?	unknown	NA	650747
BATU01003893.1:10936..12408	pass	motif:TGCA	TSD:GTGT	10932..10935	12409..12412	IN:11085..12259	0.97315	-	unknown	NA	1051631
BATU01016203.1:5338..8239	pass	motif:TGCA	TSD:CTAGT	5333..5337	8240..8244	IN:5534..8043	0.91327	?	unknown	NA	3544934
BATU01018864.1:107..2275	pass	motif:TGCA	TSD:GATGT	102..106	2276..2280	IN:292..2090	0.96216	?	unknown	NA	1493383
BATU01028830.1:1445..6187	pass	motif:TGCA	TSD:GCTCG	1440..1444	6188..6192	IN:1690..5942	0.96327	-	Copia	LTR	1448457
BATU01030981.1:112..1617	pass	motif:TGCA	TSD:TTAAA	107..111	1618..1622	IN:440..1289	0.92401	?	unknown	NA	3081584
BATU01039851.1:426..2207	pass	motif:TGCA	TSD:ATGAC	421..425	2208..2212	IN:892..1740	0.95075	?	unknown	NA	1959289
BATU01042697.1:188..4463	pass	motif:TGCA	TSD:TATT	184..187	4464..4467	IN:289..4362	1	+	unknown	LTR	0
BATU01042917.1:110..2062	pass	motif:TGCA	TSD:ATATA	105..109	2063..2067	IN:293..1879	0.94536	?	unknown	NA	2182024
BATU01047664.1:1366..3474	pass	motif:TGCA	TSD:GCGAC	1361..1365	3475..3479	IN:1555..3289	0.95767	?	unknown	NA	1675827
BATU01053196.1:2168..5155	pass	motif:TGCA	TSD:GCCAA	2163..2167	5156..5160	IN:2601..4722	0.94688	-	Copia	LTR	2119038
BATU01054539.1:4285..5773	pass	motif:TGCA	TSD:ACTTG	4280..4284	5774..5778	IN:4613..5446	0.93598	?	unknown	NA	2573790
BATU01055174.1:1014..2670	pass	motif:TGCA	TSD:ACTTG	1009..1013	2671..2675	IN:1196..2489	0.92857	?	unknown	NA	2887084
BATU01061453.1:1599..6243	pass	motif:TGCA	TSD:TTAT	1595..1598	6244..6247	IN:1772..6070	0.98266	+	unknown	LTR	674754
BATU01064500.1:2510..4583	pass	motif:TGCA	TSD:TAT	2507..2509	4584..4586	IN:2732..4361	0.97748	-	Copia	LTR	879424
