#LTR_loc        Category        Motif   TSD     5_TSD 3_TSD       Internal        Similarity      Strand  SuperFamily  TE_type     Insertion_Time
BATV01038978.1:1019..5743	pass	motif:TGCA	TSD:ATCTT	1014..1018	5744..5748	IN:1280..5482	0.96552	+	Copia	LTR	1357605
BATV01053604.1:3009..4713	pass	motif:TGCA	TSD:GATCC	3004..3008	4714..4718	IN:3183..4543	0.95402	-	unknown	NA	1824994
BATV01063799.1:3823..6546	pass	motif:TGCA	TSD:NA	..	..	IN:4004..6365	0.9337	+	unknown	NA	2669826
BATV01064148.1:485..2387	pass	motif:TGCA	TSD:GAGGA	480..484	2388..2392	IN:669..2203	0.96196	?	unknown	NA	1501485
BATV01084304.1:94..1816	pass	motif:TGCA	TSD:AGTAG	89..93	1817..1821	IN:278..1632	0.92935	?	unknown	NA	2853945
BATV01085828.1:879..2402	pass	motif:TGCA	TSD:NA	..	..	IN:1075..2204	0.93939	+	unknown	NA	2430752
BATV01089551.1:1304..3212	pass	motif:TGCA	TSD:GACTC	1299..1303	3213..3217	IN:1755..2761	0.95122	?	unknown	NA	1939948
BATV01093788.1:705..4326	pass	motif:TGCA	TSD:CACAT	700..704	4327..4331	IN:945..4086	1	-	unknown	LTR	0
