#LTR_loc        Category        Motif   TSD     5_TSD 3_TSD       Internal        Similarity      Strand  SuperFamily  TE_type     Insertion_Time
BATW01005929.1:880..3064	pass	motif:TGCA	TSD:CTATA	875..879	3065..3069	IN:1074..2870	0.93333	?	unknown	NA	2685441
BATW01009904.1:1834..5036	pass	motif:TGCA	TSD:AATTT	1829..1833	5037..5041	IN:2083..4791	0.96787	+	unknown	LTR	1263021
BATW01045194.1:233..1888	pass	motif:TGCA	TSD:CGTGT	228..232	1889..1893	IN:383..1738	0.98667	+	unknown	LTR	517303
BATW01068183.1:2100..3943	pass	motif:TGCA	TSD:CCAC	2096..2099	3944..3947	IN:2209..3834	0.98165	-	unknown	NA	714547
BATW01079562.1:788..3438	pass	motif:TGCA	TSD:GTGGC	783..787	3439..3443	IN:1247..2979	0.97168	?	unknown	NA	1110328
BATW01080120.1:423..1980	pass	motif:TGCA	TSD:AAAGC	418..422	1981..1985	IN:619..1784	0.93367	?	unknown	NA	2671092
