#LTR_loc        Category        Motif   TSD     5_TSD 3_TSD       Internal        Similarity      Strand  SuperFamily  TE_type     Insertion_Time
BATX01061350.1:436..3003	pass	motif:TGCA	TSD:CAATC	431..435	3004..3008	IN:892..2548	0.96272	?	unknown	NA	1470709
BATX01170601.1:644..4821	pass	motif:TGCA	TSD:CTAAA	639..643	4822..4826	IN:813..4647	0.93678	-	unknown	NA	2540169
