#LTR_loc        Category        Motif   TSD     5_TSD 3_TSD       Internal        Similarity      Strand  SuperFamily  TE_type     Insertion_Time
QAXP01001111.1:3374..14511	pass	motif:TGCA	TSD:CTC	3371..3373	14512..14514	IN:3573..14312	1	+	unknown	NA	0
QAXP01003904.1:30375..31905	pass	motif:TGCA	TSD:TGACA	30370..30374	31906..31910	IN:30574..31706	0.96482	+	unknown	NA	1385840
QAXP01004676.1:30559..36497	pass	motif:TGCA	TSD:CGCT	30555..30558	36498..36501	IN:31047..36009	0.97336	-	unknown	NA	1043255
QAXP01005150.1:43944..46029	pass	motif:TGCA	TSD:GTTG	43940..43943	46030..46033	IN:44156..45830	0.88679	-	unknown	NA	4720191
