#LTR_loc        Category        Motif   TSD     5_TSD 3_TSD       Internal        Similarity      Strand  SuperFamily  TE_type     Insertion_Time
AMWY02012778.1:1374..6246	pass	motif:TGCA	TSD:CCTTC	1369..1373	6247..6251	IN:1702..5922	0.90606	-	Copia	LTR	3860220
AMWY02031362.1:348..2898	pass	motif:TGCA	TSD:AGAAC	343..347	2899..2903	IN:615..2631	0.91011	+	Copia	LTR	3682694
AMWY02031436.1:4640..9996	pass	motif:TGCA	TSD:GAC	4637..4639	9995..9997	IN:4860..9776	0.93578	+	Copia	LTR	2582202
AMWY02033208.1:526..3402	pass	motif:TGCA	TSD:TATA	522..525	3403..3406	IN:672..3255	0.88435	?	unknown	NA	4830933
AMWY02071638.1:1386..5789	pass	motif:TGCA	TSD:TTCGT	1381..1385	5790..5794	IN:1916..5258	0.91902	-	unknown	LTR	3295940
AMWY02075894.1:1660..6793	pass	motif:TGCA	TSD:ATAT	1656..1659	6794..6797	IN:1905..6549	0.89024	+	Copia	LTR	4564330
