#LTR_loc        Category        Motif   TSD     5_TSD 3_TSD       Internal        Similarity      Strand  SuperFamily  TE_type     Insertion_Time
PGGS01000018.1:79014..81281	pass	motif:TGCA	TSD:AGGTG	79009..79013	81282..81286	IN:79208..81087	0.98454	+	unknown	NA	600829
PGGS01000081.1:111506..116359	pass	motif:TGCA	TSD:GTGTA	111501..111505	116360..116364	IN:111694..116171	0.99468	-	unknown	LTR	205345
PGGS01000242.1:101451..109700	pass	motif:TGCA	TSD:TTAGC	101446..101450	109701..109705	IN:101783..109368	0.99699	-	Gypsy	LTR	116002
PGGS01000262.1:14486..17115	pass	motif:TGCA	TSD:ATGCC	14481..14485	17116..17120	IN:14860..16740	0.88342	+	unknown	NA	4873255
PGGS01000356.1:90798..96745	pass	motif:TGCA	TSD:ACAGG	90793..90797	96746..96750	IN:91130..96413	0.99699	+	Gypsy	LTR	116002
PGGS01000440.1:721..7405	pass	motif:TGCA	TSD:GCATT	716..720	7406..7410	IN:1053..7073	1	+	Gypsy	LTR	0
PGGS01000476.1:23869..25915	pass	motif:TGCA	TSD:GAGG	23865..23868	25916..25919	IN:24005..25779	1	-	unknown	NA	0
PGGS01000615.1:30037..34804	pass	motif:TGCA	TSD:CCTTA	30032..30036	34805..34809	IN:30313..34527	0.97473	-	Gypsy	LTR	988674
PGGS01000650.1:35256..37778	pass	motif:TGCA	TSD:GTTGT	35251..35255	37779..37783	IN:35533..37501	0.98917	+	Gypsy	LTR	419575
PGGS01000689.1:33145..36107	pass	motif:TGCA	TSD:CCCGC	33140..33144	36108..36112	IN:33487..35765	0.97953	+	Gypsy	LTR	798251
PGGS01000712.1:25395..29423	pass	motif:TGCA	TSD:GCTGT	25390..25394	29424..29428	IN:25727..29091	0.99699	-	Gypsy	LTR	116002
PGGS01000803.1:23314..29444	pass	motif:TGCA	TSD:CGCAC	23309..23313	29445..29449	IN:23653..29117	0.9587	+	Gypsy	LTR	1633872
PGGS01001544.1:983..7969	pass	motif:TGCA	TSD:GAGG	979..982	7970..7973	IN:1831..7118	0.9765	+	unknown	NA	918309
