#LTR_loc        Category        Motif   TSD     5_TSD 3_TSD       Internal        Similarity      Strand  SuperFamily  TE_type     Insertion_Time
AZHM01000143.1:3450..8576	pass	motif:TGCA	TSD:ACT	3447..3449	8577..8579	IN:3727..8299	0.99639	+	Copia	LTR	139181
AZHM01024442.1:1077..5472	pass	motif:TGCA	TSD:AAGTA	1072..1076	5473..5477	IN:1261..5289	0.94565	+	Copia	LTR	2169997
AZHM01083686.1:135..2666	pass	motif:TGCA	TSD:TAAT	131..134	2667..2670	IN:642..2158	0.90945	?	unknown	NA	3711550
AZHM01103582.1:2887..4645	pass	motif:TGCA	TSD:AATTG	2882..2886	4646..4650	IN:3154..4381	0.92509	+	Copia	LTR	3035400
