#LTR_loc        Category        Motif   TSD     5_TSD 3_TSD       Internal        Similarity      Strand  SuperFamily  TE_type     Insertion_Time
VXJC01000002.1:1337573..1341180	pass	motif:TGCA	TSD:ATCCT	1337568..1337572	1341181..1341185	IN:1337947..1340806	0.99733	+	Gypsy	LTR	102876
VXJC01000002.1:1356782..1362112	pass	motif:TGCA	TSD:TTCTG	1356777..1356781	1362113..1362117	IN:1357156..1361738	1	-	Gypsy	LTR	0
VXJC01000008.1:1218258..1220828	pass	motif:TGCA	TSD:AATC	1218254..1218257	1220829..1220832	IN:1218851..1220235	0.9916	+	unknown	NA	324900
VXJC01000008.1:1521011..1526342	pass	motif:TGCA	TSD:GCGTA	1521006..1521010	1526343..1526347	IN:1521385..1525968	1	+	Gypsy	LTR	0
VXJC01000008.1:1532810..1538141	pass	motif:TGCA	TSD:CTCTC	1532805..1532809	1538142..1538146	IN:1533184..1537767	0.99733	+	Gypsy	LTR	102876
VXJC01000010.1:1030887..1036219	pass	motif:TGCA	TSD:ATCGG	1030882..1030886	1036220..1036224	IN:1031261..1035845	1	-	Gypsy	LTR	0
VXJC01000010.1:1041113..1047331	pass	motif:TGCA	TSD:AAACC	1041108..1041112	1047332..1047336	IN:1041587..1046857	1	+	Gypsy	LTR	0
VXJC01000012.1:712..3389	pass	motif:TGCA	TSD:TCACT	707..711	3390..3394	IN:1086..3015	1	+	Gypsy	LTR	0
VXJC01000017.1:18057..23389	pass	motif:TGCA	TSD:GCGCC	18052..18056	23390..23394	IN:18431..23015	1	-	Gypsy	LTR	0
VXJC01000017.1:29517..34853	pass	motif:TGCA	TSD:GGAGG	29512..29516	34854..34858	IN:29891..34479	1	+	Gypsy	LTR	0
