#LTR_loc        Category        Motif   TSD     5_TSD 3_TSD       Internal        Similarity      Strand  SuperFamily  TE_type     Insertion_Time
OVAS01000051.1:4166..9220	pass	motif:TGCA	TSD:ATA	4163..4165	9221..9223	IN:4618..8769	0.97788	-	unknown	LTR	863568
OVAS01000127.1:6106..10822	pass	motif:TGCA	TSD:CTTGG	6101..6105	10823..10827	IN:6255..10673	0.97987	+	unknown	LTR	784811
OVAS01000181.1:5051..10226	pass	motif:TGCA	TSD:CGCTC	5046..5050	10227..10231	IN:5392..9887	0.94721	+	Gypsy	LTR	2105381
OVAS01000930.1:726..6546	pass	motif:TGCA	TSD:CACCG	721..725	6547..6551	IN:1271..6005	0.91408	-	Gypsy	LTR	3509728
OVAS01001235.1:344..4956	pass	motif:TGCA	TSD:AAAGA	339..343	4957..4961	IN:574..4726	0.96522	+	Copia	LTR	1369702
OVAS01001734.1:541..4948	pass	motif:TGCA	TSD:TTTCT	536..540	4949..4953	IN:692..4797	0.99338	+	unknown	LTR	255746
OVAS01001748.1:1527..6118	pass	motif:TGCA	TSD:CCTAA	1522..1526	6119..6123	IN:1752..5893	0.96444	-	Copia	LTR	1401178
OVAS01001891.1:1477..6578	pass	motif:TGCA	TSD:TAAT	1473..1476	6579..6582	IN:1646..6395	0.89617	-	Copia	LTR	4298382
OVAS01002440.1:1269..3338	pass	motif:TGCA	TSD:ACATA	1264..1268	3339..3343	IN:1619..2994	0.94302	-	unknown	NA	2279260
OVAS01002838.1:1145..6284	pass	motif:TGCA	TSD:TTC	1142..1144	6285..6287	IN:1331..6098	0.97312	-	Gypsy	LTR	1052828
OVAS01003052.1:813..5919	pass	motif:TGCA	TSD:TGTTC	808..812	5920..5924	IN:1275..5448	0.94304	+	unknown	LTR	2278428
OVAS01003173.1:729..5910	pass	motif:TGCA	TSD:AAATC	724..728	5911..5915	IN:1113..5526	0.95573	+	unknown	LTR	1755014
OVAS01003982.1:67..5499	pass	motif:TGTA	TSD:GTTAT	62..66	5500..5504	IN:362..5204	0.98294	-	Copia	LTR	663732
OVAS01004580.1:52..4637	pass	motif:TGCA	TSD:GATTC	47..51	4638..4642	IN:280..4410	0.96053	+	Copia	LTR	1559482
