#LTR_loc        Category        Motif   TSD     5_TSD 3_TSD       Internal        Similarity      Strand  SuperFamily  TE_type     Insertion_Time
BDRX01000008.1:92552..100998	pass	motif:TGCA	TSD:CACC	92548..92551	100999..101002	IN:93523..100016	0.86673	+	unknown	NA	5643516
BDRX01000013.1:539790..543369	pass	motif:TGCA	TSD:ACGGT	539785..539789	543370..543374	IN:539944..543215	0.99351	-	Gypsy	LTR	250702
BDRX01000014.1:521149..523651	pass	motif:TGCA	TSD:TTCG	521145..521148	523652..523655	IN:521606..523192	0.98911	+	unknown	NA	421917
BDRX01000043.1:258791..260275	pass	motif:TGCA	TSD:GTCT	258787..258790	260276..260279	IN:258996..260070	0.97073	-	unknown	NA	1148326
BDRX01000060.1:138348..143736	pass	motif:TGCA	TSD:AAGAC	138343..138347	143737..143741	IN:138637..143447	1	-	unknown	LTR	0
BDRX01000063.1:12463..22490	pass	motif:TGCA	TSD:NA	..	..	IN:12626..22330	0.95706	+	unknown	NA	1700702
