#LTR_loc        Category        Motif   TSD     5_TSD 3_TSD       Internal        Similarity      Strand  SuperFamily  TE_type     Insertion_Time
OVBG01000286.1:3266..5695	pass	motif:TGCA	TSD:ACT	3263..3265	5696..5698	IN:3455..5506	0.98413	-	unknown	NA	616935
OVBG01000300.1:296..5751	pass	motif:TGCA	TSD:CGGTA	291..295	5752..5756	IN:681..5366	0.97403	+	Gypsy	LTR	1016549
OVBG01000336.1:41..4909	pass	motif:TGCA	TSD:ATAGG	36..40	4910..4914	IN:208..4741	0.99405	+	unknown	LTR	229759
OVBG01000727.1:58..3922	pass	motif:TGCA	TSD:TGAA	54..57	3923..3926	IN:224..3756	0.95783	+	unknown	NA	1669305
OVBG01000832.1:103..4781	pass	motif:TGCA	TSD:GTAAC	98..102	4782..4786	IN:241..4643	0.98551	+	unknown	LTR	562762
OVBG01002923.1:469..3117	pass	motif:TGCA	TSD:GCAAT	464..468	3118..3122	IN:601..2985	1	+	unknown	LTR	0
