#LTR_loc        Category        Motif   TSD     5_TSD 3_TSD       Internal        Similarity      Strand  SuperFamily  TE_type     Insertion_Time
OVAT01000017.1:11705..16991	pass	motif:TGCA	TSD:GAGGT	11700..11704	16992..16996	IN:12194..16502	0.9816	-	Copia	LTR	716518
OVAT01000087.1:764..9436	pass	motif:TGCA	TSD:GTAAG	759..763	9437..9441	IN:1215..8983	0.93377	+	Gypsy	LTR	2666873
OVAT01000153.1:5747..11715	pass	motif:TGCA	TSD:TCTCT	5742..5746	11716..11720	IN:6256..11213	0.92338	+	Copia	LTR	3108560
OVAT01000380.1:1403..9608	pass	motif:TGCA	TSD:ACATT	1398..1402	9609..9613	IN:1846..9163	0.92809	+	Gypsy	LTR	2907496
OVAT01000455.1:2265..7673	pass	motif:TGCA	TSD:CAATG	2260..2264	7674..7678	IN:2661..7272	0.9601	+	Gypsy	LTR	1576944
OVAT01000529.1:2113..7607	pass	motif:TGCA	TSD:CATAA	2108..2112	7608..7612	IN:2802..6916	0.96816	+	unknown	LTR	1251370
OVAT01000532.1:2542..7874	pass	motif:TGCA	TSD:GTAAC	2537..2541	7875..7879	IN:2886..7530	0.98837	-	Gypsy	LTR	450812
OVAT01001030.1:1092..6536	pass	motif:TGCA	TSD:GTTTT	1087..1091	6537..6541	IN:1434..6194	0.97661	-	Gypsy	LTR	913942
OVAT01001237.1:1258..6375	pass	motif:TGCA	TSD:CAAAC	1253..1257	6376..6380	IN:1745..5887	0.96516	+	unknown	LTR	1372122
OVAT01001770.1:74..4726	pass	motif:TGCA	TSD:AGACT	69..73	4727..4731	IN:317..4483	0.99588	-	Copia	LTR	158898
OVAT01001849.1:1115..5575	pass	motif:TGCA	TSD:AGAAC	1110..1114	5576..5580	IN:1288..5402	0.98844	+	Copia	LTR	448078
OVAT01001858.1:311..6077	pass	motif:TGCA	TSD:ATTAT	306..310	6078..6082	IN:771..5620	0.9587	+	Copia	LTR	1633872
OVAT01001963.1:663..5725	pass	motif:TGCA	TSD:TTTGT	658..662	5726..5730	IN:918..5470	0.97647	+	unknown	LTR	919501
OVAT01002279.1:510..5515	pass	motif:TGCA	TSD:AAAGG	505..509	5516..5520	IN:923..5102	0.97337	+	Copia	LTR	1042857
OVAT01002394.1:735..4959	pass	motif:TGCA	TSD:GAGAA	730..734	4960..4964	IN:1047..4650	0.98077	-	Gypsy	LTR	749263
