#LTR_loc        Category        Motif   TSD     5_TSD 3_TSD       Internal        Similarity      Strand  SuperFamily  TE_type     Insertion_Time
OVAW01000119.1:8117..11767	pass	motif:TGCA	TSD:AGTTA	8112..8116	11768..11772	IN:9326..10564	0.90461	-	unknown	NA	3924045
OVAW01000669.1:5661..10613	pass	motif:TGCA	TSD:CTTAA	5656..5660	10614..10618	IN:6012..10262	0.98006	-	Copia	LTR	777302
OVAW01001153.1:5198..10293	pass	motif:TGCA	TSD:ACCGT	5193..5197	10294..10298	IN:5630..9861	0.97685	+	Copia	LTR	904416
OVAW01002011.1:723..5748	pass	motif:TGCA	TSD:AATAC	718..722	5749..5753	IN:1151..5320	0.98364	-	unknown	LTR	636195
OVAW01002553.1:2035..6944	pass	motif:TGCA	TSD:CAAT	2031..2034	6945..6948	IN:2158..6821	0.95122	-	unknown	LTR	1939948
OVAW01003391.1:377..5790	pass	motif:TGCA	TSD:TTGAG	372..376	5791..5795	IN:699..5470	0.93789	+	Gypsy	LTR	2493585
OVAW01007149.1:696..3822	pass	motif:TGCA	TSD:TATAG	691..695	3823..3827	IN:965..3554	0.9777	+	Gypsy	LTR	870702
