#LTR_loc        Category        Motif   TSD     5_TSD 3_TSD       Internal        Similarity      Strand  SuperFamily  TE_type     Insertion_Time
OVBB01000054.1:40857..44024	pass	motif:TGCA	TSD:ATCTA	40852..40856	44025..44029	IN:41185..43696	1	+	unknown	NA	0
OVBB01000142.1:27647..33030	pass	motif:TGCA	TSD:AGCAA	27642..27646	33031..33035	IN:27994..32683	0.99424	+	Gypsy	LTR	222394
OVBB01000166.1:5288..7624	pass	motif:TGCA	TSD:NA	..	..	IN:5941..6976	0.96937	-	unknown	NA	1202809
OVBB01000169.1:32087..37090	pass	motif:TGCA	TSD:AGCAA	32082..32086	37091..37095	IN:32349..36829	0.93511	-	Copia	LTR	2610398
