#LTR_loc        Category        Motif   TSD     5_TSD 3_TSD       Internal        Similarity      Strand  SuperFamily  TE_type     Insertion_Time
NCQU01021602.1:3567..8576	pass	motif:TGCA	TSD:GGAAT	3562..3566	8577..8581	IN:3804..8339	0.93671	-	Copia	LTR	2543109
NCQU01032020.1:965..5941	pass	motif:TGCA	TSD:ATTAT	960..964	5942..5946	IN:1196..5708	0.98712	-	unknown	LTR	499688
NCQU01034299.1:744..2928	pass	motif:TGCA	TSD:CAACA	739..743	2929..2933	IN:1169..2507	0.93677	?	unknown	NA	2540589
NCQU01049115.1:566..2364	pass	motif:TGCA	TSD:TGCTT	561..565	2365..2369	IN:734..2196	0.92857	?	unknown	NA	2887084
NCQU01106628.1:13942..17600	pass	motif:TGCA	TSD:TTGTA	13937..13941	17601..17605	IN:14485..17057	0.96685	?	unknown	NA	1304036
