#LTR_loc        Category        Motif   TSD     5_TSD 3_TSD       Internal        Similarity      Strand  SuperFamily  TE_type     Insertion_Time
FNXT01000643.1:184919..194342	pass	motif:TGCA	TSD:CCTGC	184914..184918	194343..194347	IN:185073..194188	0.98052	+	unknown	NA	759133
FNXT01000731.1:161801..163407	pass	motif:TGCA	TSD:CAGC	161794..161797	163408..163411	IN:161918..163290	0.99123	+	unknown	NA	339295
FNXT01000769.1:21064..27776	pass	motif:TGCA	TSD:CAGCA	21056..21060	27777..27781	IN:21318..27516	0.97276	-	Gypsy	LTR	1067192
FNXT01000867.1:3895..6501	pass	motif:TGCA	TSD:AAAG	3891..3894	6502..6505	IN:4190..6206	1	+	unknown	NA	0
FNXT01000944.1:5584..8087	pass	motif:TGCA	TSD:GGGT	5580..5583	8088..8091	IN:5744..7927	0.9875	+	unknown	NA	484821
FNXT01001064.1:48225..58341	pass	motif:TGCA	TSD:NA	..	..	IN:48374..58192	0.95973	+	unknown	NA	1591979
FNXT01001075.1:54750..56591	pass	motif:TGCA	TSD:GCTGC	54745..54749	56592..56596	IN:55162..56179	0.95874	+	unknown	NA	1632244
FNXT01001104.1:644..2787	pass	motif:TGCA	TSD:GCAGC	636..640	2791..2795	IN:1146..2282	0.99406	+	unknown	NA	229371
FNXT01001198.1:50692..53195	pass	motif:TGCA	TSD:GGGT	50688..50691	53196..53199	IN:50852..53035	0.9875	-	unknown	NA	484821
FNXT01001207.1:240764..247476	pass	motif:TGCA	TSD:CAGCA	240756..240760	247477..247481	IN:241018..247216	0.97276	-	Gypsy	LTR	1067192
FNXT01001256.1:160764..167449	pass	motif:TGCA	TSD:GTTG	160760..160763	167450..167453	IN:161155..167058	0.99744	+	Gypsy	LTR	98630
FNXT01001343.1:113365..116285	pass	motif:TGCA	TSD:AGTGC	113360..113364	116286..116290	IN:113477..116173	0.99107	+	unknown	NA	345523
