#LTR_loc        Category        Motif   TSD     5_TSD 3_TSD       Internal        Similarity      Strand  SuperFamily  TE_type     Insertion_Time
MKEJ01009450.1:7255..11553	pass	motif:TGCA	TSD:ATTC	7251..7254	11554..11557	IN:7622..11182	0.9437	+	unknown	NA	2250970
MKEJ01013552.1:5775..7200	pass	motif:TGCA	TSD:TAATA	5770..5774	7201..7205	IN:5943..7034	0.89286	?	unknown	NA	4446526
MKEJ01045338.1:3542..9054	pass	motif:TGCA	TSD:GTTAT	3537..3541	9055..9059	IN:4043..8554	0.97804	-	Gypsy	LTR	857227
MKEJ01048575.1:1183..5319	pass	motif:TGCA	TSD:TATAG	1178..1182	5320..5324	IN:1579..4923	0.9697	?	unknown	NA	1189579
MKEJ01048858.1:181..4831	pass	motif:TGCA	TSD:AACT	177..180	4832..4835	IN:508..4505	0.91743	-	Copia	LTR	3364578
MKEJ01063430.1:8427..13939	pass	motif:TGCA	TSD:GTTAT	8422..8426	13940..13944	IN:8928..13439	0.9501	-	Gypsy	LTR	1986058
MKEJ01079307.1:4353..8813	pass	motif:TGCA	TSD:AGAAC	4348..4352	8814..8818	IN:4592..8559	0.89764	+	Copia	LTR	4232833
MKEJ01080987.1:2130..7260	pass	motif:TGCA	TSD:ATTTA	2125..2129	7261..7265	IN:2368..7014	0.91057	-	unknown	LTR	3662599
MKEJ01098937.1:8774..12782	pass	motif:TGCA	TSD:GATTG	8769..8773	12783..12787	IN:9236..12320	0.94156	-	unknown	NA	2340095
MKEJ01099307.1:1324..6836	pass	motif:TGCA	TSD:GTTAT	1319..1323	6837..6841	IN:1824..6335	0.9501	+	Gypsy	LTR	1986058
