#LTR_loc        Category        Motif   TSD     5_TSD 3_TSD       Internal        Similarity      Strand  SuperFamily  TE_type     Insertion_Time
CDJJ020000014.1:946..11890	pass	motif:TGCA	TSD:ACAGT	941..945	11891..11895	IN:1639..11197	0.98268	-	Gypsy	LTR	673966
CDJJ020000043.1:3834..8638	pass	motif:TGCA	TSD:TTTGG	3829..3833	8639..8643	IN:4180..8291	0.9683	+	Copia	LTR	1245747
CDJJ020000203.1:14728..19593	pass	motif:TGCA	TSD:CTTTA	14723..14727	19594..19598	IN:14956..19365	0.98246	-	unknown	LTR	682629
CDJJ020000213.1:3345..8908	pass	motif:TGCA	TSD:ATACT	3340..3344	8909..8913	IN:3549..8708	0.96078	-	unknown	NA	1549334
