#LTR_loc        Category        Motif   TSD     5_TSD 3_TSD       Internal        Similarity      Strand  SuperFamily  TE_type     Insertion_Time
LSBG01001095.1:4046..5699	pass	motif:TGCA	TSD:AAATC	4041..4045	5700..5704	IN:4365..5374	0.90361	+	Gypsy	LTR	3968145
LSBG01002702.1:2054..4556	pass	motif:TGCA	TSD:CATGT	2049..2053	4557..4561	IN:2343..4268	0.9481	+	Gypsy	LTR	2068582
LSBG01003140.1:192..2095	pass	motif:TGCA	TSD:TTG	189..191	2096..2098	IN:574..1710	0.95065	-	unknown	NA	1963406
LSBG01004046.1:1587..5973	pass	motif:TGCA	TSD:AAAAG	1582..1586	5974..5978	IN:1712..5848	0.992	-	Copia	LTR	309345
LSBG01025932.1:4917..6957	pass	motif:TGCA	TSD:AATAG	4912..4916	6958..6962	IN:5546..6328	0.94072	?	unknown	NA	2375154
LSBG01037166.1:2230..4796	pass	motif:TGCA	TSD:AATCT	2225..2229	4797..4801	IN:2372..4648	0.89865	?	unknown	NA	4187882
LSBG01039287.1:1526..4456	pass	motif:TGCA	TSD:AAAAT	1521..1525	4457..4461	IN:1856..4137	0.85163	+	Gypsy	LTR	6358574
LSBG01039480.1:1133..6298	pass	motif:TGCA	TSD:CTATC	1128..1132	6299..6303	IN:1590..5827	0.90084	-	Gypsy	LTR	4090655
LSBG01043725.1:2093..9778	pass	motif:TGCA	TSD:ATTT	2089..2092	9779..9782	IN:2442..9430	0.95129	+	Gypsy	LTR	1937069
