#LTR_loc        Category        Motif   TSD     5_TSD 3_TSD       Internal        Similarity      Strand  SuperFamily  TE_type     Insertion_Time
AYJT01004102.1:4847..9474	pass	motif:TGCA	TSD:CATAG	4842..4846	9475..9479	IN:5147..9173	0.96346	+	Copia	LTR	1440774
AYJT01004534.1:406..5289	pass	motif:TGCA	TSD:ATATC	401..405	5290..5294	IN:685..5005	0.91197	-	unknown	LTR	3601528
AYJT01007764.1:2181..7123	pass	motif:TGCA	TSD:TAAA	2177..2180	7124..7127	IN:2431..6878	0.952	-	unknown	LTR	1907879
AYJT01019744.1:3407..5183	pass	motif:TGCA	TSD:NA	..	..	IN:3621..4968	0.93023	+	unknown	NA	2816603
AYJT01021837.1:2419..7043	pass	motif:TGCA	TSD:CCAAC	2414..2418	7044..7048	IN:2722..6739	0.93092	-	Copia	LTR	2787357
AYJT01023314.1:1898..6342	pass	motif:TGCA	TSD:CACCT	1893..1897	6343..6347	IN:2144..6096	0.89879	+	Copia	LTR	4181657
AYJT01024970.1:2428..7277	pass	motif:TGCA	TSD:ATTCA	2423..2427	7278..7282	IN:2874..6843	0.84881	+	Copia	LTR	6494102
AYJT01027188.1:1864..6708	pass	motif:TGCA	TSD:CTTCG	1857..1861	6709..6713	IN:2234..6337	0.96477	+	Copia	LTR	1387858
AYJT01035206.1:2878..7792	pass	motif:TGCA	TSD:AAAAC	2873..2877	7793..7797	IN:3236..7423	0.86096	+	unknown	LTR	5914665
AYJT01041559.1:8732..13127	pass	motif:TGCA	TSD:GAGGT	8727..8731	13128..13132	IN:8977..12887	0.90726	+	Copia	LTR	3807506
AYJT01048752.1:3651..8846	pass	motif:TGCA	TSD:CAGTA	3646..3650	8847..8851	IN:3983..8512	0.93452	+	unknown	LTR	2635250
AYJT01049113.1:2976..7639	pass	motif:TGCA	TSD:TGTTA	2971..2975	7640..7644	IN:3227..7382	0.90805	+	Copia	LTR	3772855
AYJT01062700.1:1496..6139	pass	motif:TGCA	TSD:GTATT	1491..1495	6140..6144	IN:1887..5753	0.94118	+	Copia	LTR	2355950
AYJT01063311.1:1713..6750	pass	motif:TGCA	TSD:AACAC	1708..1712	6751..6755	IN:2200..6272	0.92292	+	Copia	LTR	3128272
AYJT01064068.1:336..5998	pass	motif:TGCA	TSD:CCTGT	331..335	5999..6003	IN:780..5569	0.90315	+	unknown	LTR	3988454
AYJT01070859.1:5784..10919	pass	motif:TGCA	TSD:AATAG	5779..5783	10920..10924	IN:6147..10557	0.89807	+	unknown	LTR	4213687
AYJT01070935.1:546..5290	pass	motif:TGCA	TSD:CCAAG	541..545	5291..5295	IN:884..4950	0.94135	-	Copia	LTR	2348856
AYJT01078422.1:2749..12658	pass	motif:TGCA	TSD:ATTAA	2744..2748	12659..12663	IN:3533..11875	0.91338	+	Copia	LTR	3540151
AYJT01085314.1:2028..5483	pass	motif:TGCA	TSD:TTTTT	2023..2027	5485..5489	IN:2383..5124	0.9116	-	Copia	LTR	3617656
AYJT01087466.1:6311..11211	pass	motif:TGCA	TSD:AATTG	6306..6310	11212..11216	IN:6644..10876	0.90774	+	Copia	LTR	3786447
AYJT01090024.1:516..5307	pass	motif:TGCA	TSD:CTCTC	511..515	5308..5312	IN:842..4975	0.94578	+	Copia	LTR	2164606
AYJT01096970.1:3802..6557	pass	motif:TGCA	TSD:ACATT	3797..3801	6558..6562	IN:4354..6006	0.88151	-	Copia	LTR	4960368
AYJT01099229.1:5493..10431	pass	motif:TGCA	TSD:ATTAT	5485..5489	10432..10436	IN:5924..10001	0.92523	+	Copia	LTR	3029418
AYJT01102546.1:3186..5816	pass	motif:TGCA	TSD:GTTGG	3181..3185	5817..5821	IN:3452..5550	0.93233	?	unknown	NA	2727686
AYJT01105539.1:356..2213	pass	motif:TGCA	TSD:CAATG	351..355	2214..2218	IN:725..1835	0.88918	-	Gypsy	LTR	4612128
AYJT01121969.1:429..5388	pass	motif:TGCA	TSD:CCATC	424..428	5389..5393	IN:794..5023	0.93699	-	Copia	LTR	2531350
