#LTR_loc        Category        Motif   TSD     5_TSD 3_TSD       Internal        Similarity      Strand  SuperFamily  TE_type     Insertion_Time
BBXU01000237.1:9191..17438	pass	motif:TGCA	TSD:ACCCC	9186..9190	17439..17443	IN:9791..16842	0.91089	-	unknown	NA	3648629
BBXU01000243.1:19496..22596	pass	motif:TGCA	TSD:ATGGT	19491..19495	22597..22601	IN:19857..22235	1	-	Gypsy	LTR	0
BBXU01000605.1:7992..15332	pass	motif:TGCA	TSD:CTATC	7987..7991	15333..15337	IN:8136..15188	0.98611	+	Gypsy	LTR	539240
BBXU01001240.1:30258..37123	pass	motif:TGCA	TSD:GGTG	30254..30257	37124..37127	IN:30373..37008	0.98261	+	unknown	NA	676722
BBXU01001741.1:33238..37352	pass	motif:TGCA	TSD:TAAAT	33233..33237	37353..37357	IN:33421..37169	0.98907	+	Gypsy	LTR	423478
BBXU01002097.1:5093..7847	pass	motif:TGCA	TSD:CGCAT	5088..5092	7848..7852	IN:5319..7621	0.99558	+	unknown	NA	170503
BBXU01002101.1:1663..9149	pass	motif:TGCA	TSD:AGCGC	1658..1662	9150..9154	IN:1807..9005	1	+	Gypsy	LTR	0
BBXU01002205.1:43053..45809	pass	motif:TGCA	TSD:GCTAC	43048..43052	45810..45814	IN:43362..45500	0.99353	-	Gypsy	LTR	249926
BBXU01003515.1:485..2701	pass	motif:TGCA	TSD:TGGGT	480..484	2702..2706	IN:942..2247	0.92489	-	Copia	LTR	3043947
