#LTR_loc        Category        Motif   TSD     5_TSD 3_TSD       Internal        Similarity      Strand  SuperFamily  TE_type     Insertion_Time
BDDB01000066.1:21358..30334	pass	motif:TGCA	TSD:CCTGG	21353..21357	30335..30339	IN:21663..30017	0.99032	?	unknown	NA	374731
BDDB01000157.1:11153..15978	pass	motif:TGCA	TSD:AGGT	11149..11152	15979..15982	IN:11287..15844	1	?	unknown	NA	0
BDDB01001393.1:16518..19724	pass	motif:TGCA	TSD:CGCC	16514..16517	19725..19728	IN:16651..19591	0.99248	+	unknown	NA	290691
BDDB01001483.1:8996..12251	pass	motif:TGCA	TSD:CGCT	8992..8995	12252..12255	IN:9123..12123	0.96094	?	unknown	NA	1542841
BDDB01001691.1:2932..14554	pass	motif:TGCA	TSD:CCTCC	2927..2931	14555..14559	IN:3362..14124	1	-	Gypsy	LTR	0
BDDB01001722.1:12086..18355	pass	motif:TGCA	TSD:CAAGC	12081..12085	18356..18360	IN:12334..18116	0.93952	+	Gypsy	LTR	2425313
BDDB01005013.1:956..3455	pass	motif:TGCA	TSD:CCTGG	951..955	3456..3460	IN:1308..3103	0.98011	-	Gypsy	LTR	775327
