#LTR_loc        Category        Motif   TSD     5_TSD 3_TSD       Internal        Similarity      Strand  SuperFamily  TE_type     Insertion_Time
MSXX01004452.1:1254..3167	pass	motif:TGCA	TSD:GATGC	1249..1253	3168..3172	IN:1455..2966	0.9801	-	unknown	LTR	775722
MSXX01005101.1:68..2745	pass	motif:TGCA	TSD:AGGTT	63..67	2746..2750	IN:342..2471	0.91241	-	unknown	NA	3582361
MSXX01006705.1:297..2820	pass	motif:TGCA	TSD:TATTT	292..296	2821..2825	IN:572..2544	0.92419	+	unknown	LTR	3073882
MSXX01007583.1:3965..8601	pass	motif:TGCA	TSD:CCATT	3960..3964	8602..8606	IN:4246..8316	0.95789	-	Copia	LTR	1666860
MSXX01013479.1:174..1628	pass	motif:TGCA	TSD:CAAAA	169..173	1629..1633	IN:384..1418	0.97619	?	unknown	NA	930621
MSXX01018701.1:9895..15554	pass	motif:TGCA	TSD:ATAA	9891..9894	15555..15558	IN:10402..15048	0.89349	-	unknown	LTR	4418271
MSXX01029443.1:2606..4177	pass	motif:TGCA	TSD:ATCAG	2601..2605	4178..4182	IN:2860..3923	0.98425	-	Copia	LTR	612220
MSXX01030029.1:33992..36423	pass	motif:TGCA	TSD:GACTT	33987..33991	36424..36428	IN:34261..36154	0.94796	+	unknown	LTR	2074368
MSXX01031738.1:7173..9623	pass	motif:TGCA	TSD:ATAA	7169..7172	9624..9627	IN:7433..9368	0.95	+	unknown	LTR	1990179
MSXX01033495.1:521..6043	pass	motif:TGCA	TSD:AGCA	517..520	6044..6047	IN:1096..5468	0.9513	-	Gypsy	LTR	1936657
MSXX01035143.1:2049..6665	pass	motif:TGCA	TSD:TTAT	2045..2048	6666..6669	IN:2254..6461	0.95122	+	unknown	LTR	1939948
MSXX01035672.1:957..3822	pass	motif:TGCA	TSD:GACAC	952..956	3823..3827	IN:1256..3515	0.90909	?	unknown	NA	3727301
MSXX01038530.1:1060..5217	pass	motif:TGCA	TSD:ATAT	1056..1059	5218..5221	IN:1513..4765	0.94923	-	Gypsy	LTR	2021927
MSXX01042432.1:1700..6531	pass	motif:TGCA	TSD:GAAGC	1695..1699	6532..6536	IN:2066..6165	0.95355	-	Copia	LTR	1844257
MSXX01043720.1:791..5424	pass	motif:TGCA	TSD:CTTTT	786..790	5425..5429	IN:1127..5088	0.95238	-	Copia	LTR	1892268
MSXX01043756.1:56..3401	pass	motif:TGCA	TSD:AGTC	52..55	3402..3405	IN:780..2682	0.96961	+	Gypsy	LTR	1193187
MSXX01045351.1:21401..23114	pass	motif:TGCA	TSD:TTCCT	21396..21400	23115..23119	IN:21610..22905	0.96651	+	Copia	LTR	1317721
MSXX01047956.1:983..5796	pass	motif:TGCA	TSD:TGATT	978..982	5797..5801	IN:1261..5517	0.96774	+	Copia	LTR	1268245
MSXX01050929.1:39..3477	pass	motif:TGCA	TSD:CTAT	35..38	3478..3481	IN:840..2676	0.95636	-	Gypsy	LTR	1729275
MSXX01052432.1:17186..22695	pass	motif:TGCA	TSD:TATG	17182..17185	22696..22699	IN:17622..22259	0.96101	+	Gypsy	LTR	1540001
