#LTR_loc        Category        Motif   TSD     5_TSD 3_TSD       Internal        Similarity      Strand  SuperFamily  TE_type     Insertion_Time
LHPF02000001.1:5389506..5403050	pass	motif:TGCA	TSD:AAC	5389503..5389505	5403051..5403053	IN:5390129..5402415	0.92779	+	Gypsy	LTR	2920261
LHPF02000010.1:881198..885305	pass	motif:TGCA	TSD:CCACC	881193..881197	885306..885310	IN:881435..885068	0.99156	-	unknown	NA	326456
LHPF02000041.1:310991..312461	pass	motif:TGCA	TSD:TGCA	310987..310990	312462..312465	IN:311158..312292	0.98225	-	unknown	NA	690901
