#LTR_loc        Category        Motif   TSD     5_TSD 3_TSD       Internal        Similarity      Strand  SuperFamily  TE_type     Insertion_Time
NW_005435078.1:623416..625174	pass	motif:TGCA	TSD:CAGG	623412..623415	625175..625178	IN:623587..625003	1	+	unknown	NA	0
NW_005435079.1:452730..459646	pass	motif:TGCA	TSD:AATGC	452725..452729	459647..459651	IN:452946..459430	0.99537	-	Gypsy	LTR	178629
NW_005435082.1:1184126..1200812	pass	motif:TGCA	TSD:CTCTG	1184121..1184125	1200813..1200817	IN:1185745..1199199	0.97781	+	unknown	NA	866342
NW_005435083.1:1309429..1315508	pass	motif:TGCA	TSD:GACAT	1309424..1309428	1315509..1315513	IN:1309650..1315287	1	-	Gypsy	LTR	0
NW_005435086.1:2224671..2230591	pass	motif:TGCA	TSD:GGGGA	2224666..2224670	2230592..2230596	IN:2224982..2230280	1	+	Gypsy	LTR	0
