#LTR_loc        Category        Motif   TSD     5_TSD 3_TSD       Internal        Similarity      Strand  SuperFamily  TE_type     Insertion_Time
BDIU01000194.1:153859..155728	pass	motif:TGCA	TSD:TGC	153856..153858	155729..155731	IN:153996..155591	1	-	unknown	NA	0
BDIU01000197.1:237898..240536	pass	motif:TGCA	TSD:ATGGG	237893..237897	240537..240541	IN:238088..240346	0.96316	+	Gypsy	LTR	1452906
BDIU01000543.1:5487..9793	pass	motif:TGCA	TSD:CTTTC	5482..5486	9794..9798	IN:5696..9584	0.99522	-	Gypsy	LTR	184435
BDIU01000577.1:2000..6036	pass	motif:TGCA	TSD:GTCTA	1995..1999	6037..6041	IN:2175..5861	0.98286	+	Gypsy	LTR	666880
