#LTR_loc        Category        Motif   TSD     5_TSD 3_TSD       Internal        Similarity      Strand  SuperFamily  TE_type     Insertion_Time
JUBA01000183.1:2338..5327	pass	motif:TGCA	TSD:CCTA	2334..2337	5328..5331	IN:2460..5205	0.95902	-	unknown	NA	1620850
KN805262.1:137947..139856	pass	motif:TGCA	TSD:CAGC	137943..137946	139857..139860	IN:138379..139424	1	-	unknown	NA	0
KN805358.1:2613391..2615243	pass	motif:TGCA	TSD:ACAG	2613387..2613390	2615244..2615247	IN:2613781..2614853	0.99744	-	unknown	NA	98630
KN805369.1:1616827..1620007	pass	motif:TGCA	TSD:GTGC	1616823..1616826	1620008..1620011	IN:1616984..1619850	0.98726	+	unknown	NA	494209
