#LTR_loc        Category        Motif   TSD     5_TSD 3_TSD       Internal        Similarity      Strand  SuperFamily  TE_type     Insertion_Time
DF236991.1:7415..12294	pass	motif:TGCA	TSD:GAACC	7410..7414	12295..12299	IN:7665..12044	1	-	Copia	LTR	0
DF237002.1:73472..78789	pass	motif:TGCA	TSD:GCAA	73468..73471	78790..78793	IN:73678..78583	0.92718	?	unknown	NA	2946233
DF237331.1:29717..34689	pass	motif:TGCA	TSD:AAAGC	29712..29716	34690..34694	IN:29981..34425	1	+	Copia	LTR	0
DF237518.1:40423..45979	pass	motif:TGCA	TSD:CCAGC	40418..40422	45980..45984	IN:40847..45555	0.98349	-	Gypsy	LTR	642094
DF237712.1:1045..3740	pass	motif:TGCA	TSD:CGCCG	1040..1044	3741..3745	IN:1454..3337	0.90488	-	Copia	LTR	3912150
DF238060.1:1042..4209	pass	motif:TGCA	TSD:AAACC	1037..1041	4210..4214	IN:1355..3901	0.96805	+	Copia	LTR	1255789
DF238071.1:6178..9099	pass	motif:TGCA	TSD:TAATA	6173..6177	9100..9104	IN:6693..8570	0.91509	-	unknown	LTR	3465890
DF238622.1:309..2799	pass	motif:TGCA	TSD:CTACT	304..308	2800..2804	IN:649..2459	0.99412	-	unknown	LTR	227045
