#LTR_loc        Category        Motif   TSD     5_TSD 3_TSD       Internal        Similarity      Strand  SuperFamily  TE_type     Insertion_Time
LDJE01052150.1:381..2969	pass	motif:TGCA	TSD:CCCTC	376..380	2970..2974	IN:774..2589	0.9313	-	unknown	NA	2771264
LDJE01055338.1:3376..5193	pass	motif:TACA	TSD:CTCAC	3371..3375	5194..5198	IN:3544..5019	0.96	-	unknown	NA	1581007
LDJE01094094.1:1307..6391	pass	motif:TGCA	TSD:TGCCA	1302..1306	6392..6396	IN:1516..6186	0.93301	+	Gypsy	LTR	2698953
LDJE01094266.1:2727..5836	pass	motif:TGCA	TSD:CTTAT	2722..2726	5837..5841	IN:2844..5719	0.95726	+	Copia	LTR	1692544
LDJE01103508.1:9107..14084	pass	motif:TGCA	TSD:GGTG	9103..9106	14085..14088	IN:9493..13699	0.90933	-	Gypsy	LTR	3716799
